2	1183694	1202195
2	1183785	1202075
2	1183697	1202114
2	1183733	1202117
0
3	1199965	1206355	1219815
3	1199968	1206338	1219759
3	1199916	1206292	1219756
3	1199968	1206351	1219768
1	1205533
2	1199497	1202480
2	1199467	1202439
3	1192942	1199433	1202424
2	1199483	1202453
1	1201643
2	1204951	1206666
2	1204942	1206666
2	1204960	1206681
2	1204884	1206613
0
3	1209868	1212037	1219131
3	1209867	1211985	1219274
3	1209823	1212015	1219093
3	1209866	1211963	1219263
3	1209042	1211192	1218371
3	1200306	1206777	1227142
3	1200396	1206752	1227218
3	1200279	1206666	1227090
3	1200368	1206808	1227224
1	1226359
1	1203657
1	1203584
1	1203532
1	1203672
0
3	1201408	1207123	1208313
3	1201472	1207104	1208281
3	1201326	1206978	1208211
3	1201510	1207204	1208321
1	1206305
4	1194498	1209445	1214353	6596187
4	1194539	1209444	1214190	6595329
4	1194456	1209379	1214200	6595968
4	1194535	1209449	1214310	6595516
3	1193705	1209031	6594946
2	1195420	1198401
2	1195476	1198484
2	1195401	1198442
2	1195448	1198409
0
2	1193003	1204300
2	1192914	1204270
2	1192911	1204175
2	1192968	1204342
0
0
0
0
0
0
5	1183319	1197630	1199038	1202053	1221093
4	1183212	1197651	1199011	1221145
5	1183248	1197586	1198961	1201969	1221027
4	1183244	1197647	1199068	1221165
4	1196804	1198192	1201228	1220298
0
0
0
0
0
2	1163807	1194295
2	1163842	1194308
2	1163813	1194261
2	1163782	1194292
0
1	1197621
1	1197684
1	1197599
1	1197658
1	1196842
2	1188912	1190220
2	1188948	1190165
2	1188829	1190042
2	1188989	1190389
1	1188112
3	1197520	1203955	3163654
3	1197539	1203954	3164428
3	1197443	1203830	3164328
3	1197566	1204032	3163702
2	1197368	3163225
2	1182949	1206930
2	1182860	1206806
2	1182839	1206781
2	1182931	1206916
2	1182080	1206051
5	1192876	1197069	1200004	1202138	1225210
4	1192921	1196987	1200028	1225308
5	1192794	1196936	1199958	1202087	1225187
4	1192954	1197074	1200065	1225286
2	1192080	1201350
5	1192470	1209882	1211233	1217579	1226268
5	1192386	1209774	1211057	1217573	1226320
5	1192359	1209769	1211167	1217467	1226245
5	1192453	1209854	1211590	1217634	1226293
2	1191613	1225479
4	1207787	1210584	1214939	1216745
3	1207829	1210508	1214891
4	1207727	1210465	1214815	1216429
3	1207845	1210580	1214971
3	1206993	1209728	1214103
2	1190059	2535868
2	1190070	2535924
2	1190010	2535868
2	1190077	2535877
0
1	1202562
1	1202570
1	1202522
1	1202558
0
0
0
0
0
0
3	1194677	1205570	1206905
3	1194575	1205542	1208509
3	1194570	1205466	1208477
3	1194639	1205599	1208492
1	1193808
1	1222385
1	1222401
1	1222285
1	1222452
1	1221573
5	1187958	1191277	1192826	1212720	1213992
4	1188020	1191257	1212708	1213974
5	1187938	1191226	1192700	1212627	1213775
4	1187988	1191259	1212753	1213890
2	1187173	1211897
5	1190605	1195336	1196341	1204293	1231122
4	1190627	1195307	1196357	1231121
6	1190513	1195231	1196215	1199539	1204212	1231044
5	1190674	1195366	1196436	1204324	1231146
3	1189798	1194509	1197663
2	1196843	1205610
2	1196902	1205561
2	1196824	1205552
2	1196874	1205577
0
3	1168235	1203104	1208759
3	1168124	1203186	1208800
3	1168107	1203090	1208751
3	1168209	1203155	1208760
2	1202319	1207941
3	1199716	1207355	1214806
3	1199637	1207408	1214829
3	1199583	1207325	1214775
3	1199726	1207388	1214819
1	1206557
1	1203072
1	1203141
1	1202943
1	1203227
1	1202289
1	1201641
1	1201562
1	1201586
1	1201579
1	1200787
1	1199498
1	1199458
1	1199420
1	1199496
1	1198660
0
0
0
0
0
1	1190212
1	1190231
1	1190197
1	1190198
0
3	1190406	1193331	1196772
3	1190435	1193378	1196799
3	1190337	1193268	1196703
3	1190451	1193407	1196816
1	1192556
2	1195823	1204830
2	1195807	1204798
2	1195726	1204708
2	1195857	1204881
1	1204243
1	1184406
1	1184445
1	1184325
1	1184482
1	1183605
2	1206019	1206868
2	1206023	1206751
2	1205932	1206736
2	1206072	1206867
1	1206328
4	1161502	1194714	1202584	1206032
4	1161470	1194674	1202639	1206027
4	1161401	1194654	1202528	1205964
4	1161523	1194696	1202642	1206048
2	1193881	1201793
1	1162632
1	1162647
1	1162548
1	1162690
1	1161826
2	1192599	1211319
2	1192650	1211435
2	1192573	1211306
2	1192627	1211404
2	1191810	1210563
3	1190412	1195072	1198209
3	1190493	1195049	1198125
3	1190349	1194989	1198122
3	1190514	1195082	1198173
1	1197356
1	1191786
1	1191813
1	1191736
1	1191812
1	1190982
4	1179950	1204618	1207915	3821249
4	1179897	1204652	1207996	3821352
4	1179788	1204600	1207901	3821300
4	1180008	1204620	1207955	3821255
1	1203821
2	1179688	1203345
2	1179773	1203396
2	1179664	1203308
2	1179746	1203382
1	1178912
2	1205406	1206503
2	1205450	1206474
2	1205318	1206425
2	1205511	1206511
1	1205682
1	1217332
1	1217310
1	1217296
1	1217298
0
3	1183513	1203365	1205203
3	1183517	1203336	1205235
3	1183441	1203279	1205141
3	1183536	1203379	1205221
2	1182699	1202541
4	1184013	1196002	1202835	1206164
4	1184018	1196194	1202865	1206156
4	1183985	1196038	1202789	1206106
4	1183993	1196106	1202861	1206172
2	1195265	1205348
3	1205545	1207370	1210524
2	1205580	1207308
3	1205520	1207341	1210471
2	1205559	1207280
2	1204744	1209710
2	1208992	1210610
2	1209014	1210692
2	1208963	1210637
2	1208992	1210656
1	1208186
1	1191770
1	1191881
1	1191754
1	1191846
1	1191011
1	1207461
1	1207480
1	1207428
1	1207469
1	1206649
1	1191418
1	1191392
1	1191319
1	1191438
0
2	1181014	1187359
2	1181044	1187355
2	1180924	1187279
2	1181091	1187393
2	1180217	1186542
0
0
0
0
0
3	1193655	1201092	1210762
3	1193676	1201169	1210685
3	1193547	1201065	1210624
3	1193736	1201154	1210785
0
0
0
0
0
0
0
0
0
0
0
4	1197260	1210019	1211197	1215441
3	1197187	1210053	1211244
4	1197128	1209933	1211108	1215393
3	1197278	1210090	1211225
2	1196412	1214604
4	1190352	1197568	1211698	1218631
4	1190407	1197617	1211723	1218638
4	1190411	1197523	1211567	1218586
4	1190305	1197605	1211821	1218637
2	1196772	1218416
2	1210178	1211671
2	1210267	1211742
2	1210159	1211637
2	1210236	1211712
1	1209407
3	1192123	1194366	1198075
3	1192042	1194372	1198150
3	1191941	1194307	1198030
3	1192189	1194381	1198145
2	1193551	1197295
0
0
0
0
0
2	1183233	1186891
2	1183268	1187029
2	1183171	1186888
2	1183281	1186986
1	1182432
5	1187023	1188531	1208620	1211654	1212760
4	1186986	1188460	1208621	1211693
5	1186949	1188442	1208528	1211587	1212755
4	1187017	1188519	1208671	1211717
1	1187694
5	1193016	1195616	1196977	1199709	1212913
3	1193086	1195606	1212879
4	1193019	1195555	1196862	1212807
4	1193028	1195616	1199762	1212928
1	1198929
2	1202471	1211269
2	1202447	1211286
2	1202463	1211218
2	1202404	1211292
1	1201639
4	1185903	1196175	1205754	1218399
4	1185916	1196209	1205802	1218411
4	1185848	1196090	1205699	1218344
4	1185928	1196249	1205802	1218427
1	1217558
1	1209451
1	1209446
1	1209444
1	1209414
0
2	1197780	1215926
2	1197746	1215945
2	1197714	1215885
2	1197772	1215934
1	1196913
3	1187088	1192316	1200750
3	1187084	1192274	1200811
3	1187011	1192234	1200703
3	1187121	1192309	1200807
1	1199968
1	1203872
1	1203904
1	1203799
1	1203934
1	1203064
2	1197328	1206022
2	1197328	1205917
2	1197244	1205891
2	1197366	1206005
2	1196512	1205156
1	1202028
1	1201873
1	1201883
1	1201985
1	1201138
1	1206122
1	1206086
1	1206026
1	1206141
0
3	1187395	1188173	1221014
3	1187423	1191180	1220970
3	1187364	1191058	1220901
3	1187406	1188155	1221040
3	1186578	1190338	1220174
2	1184530	1207080
2	1184529	1207073
2	1184497	1207042
2	1184510	1207062
1	1206260
1	1210636
1	1210625
1	1210567
1	1210649
1	1209812
0
0
0
0
0
1	1213222
1	1213289
1	1213188
1	1213277
1	1212438
3	1202790	1204814	1214877
3	1202915	1204875	1214839
3	1202760	1204767	1214835
3	1202895	1204877	1214881
1	1202034
2	1211280	1212721
2	1211322	1212506
1	1211166
1	1211390
0
2	1205427	1206933
1	1205453
1	1205352
1	1205477
0
2	1194066	1201322
2	1194066	1201247
2	1194083	1201198
2	1194004	1201327
1	1200464
5	1187169	1188550	1194678	1197196	1203629
4	1187183	1188462	1194594	1203492
5	1187083	1188477	1194571	1197103	1203506
4	1187225	1188479	1194668	1203584
5	1186359	1187688	1193820	1196366	1202748
1	1192975
1	1192916
1	1192857
1	1192990
1	1192129
1	1209624
1	1209533
1	1209507
1	1209610
0
2	1206649	1208552
2	1206532	1208499
2	1206554	1208444
2	1206592	1208556
1	1205742
0
0
0
0
0
0
0
0
0
0
1	1197459
1	1197479
1	1197436
1	1197451
1	1196647
3	1195090	1202486	1212256
3	1195140	1202470	1212441
3	1195038	1202397	1212305
3	1195144	1202518	1212347
1	1211523
2	1199347	1200809
2	1199315	1204739
3	1199229	1200781	1204695
2	1199386	1204773
0
4	1200324	1209365	1212454	1218820
4	1200451	1209426	1212485	1218829
4	1200329	1209355	1212429	1218725
4	1200397	1209389	1212462	1218883
4	1199548	1208567	1211653	1217988
1	1202582
1	1202553
1	1202513
1	1202576
1	1201753
1	1202901
1	1202860
1	1202820
1	1202894
0
2	1198032	1214453
2	1198074	1214494
2	1197991	1214457
2	1198075	1214442
1	1197239
2	1208977	1211745
2	1209033	1211724
2	1208936	1211690
2	1209026	1211705
2	1208176	1210915
6	1172354	1178275	1199569	1203648	1204612	1213634
6	1172211	1178250	1199709	1203620	1206390	1213582
5	1178208	1199602	1203561	1204536	1213609
6	1172325	1178266	1199634	1203673	1206364	1213547
2	1177438	1205517
2	1196170	1199009
2	1196055	1199051
2	1195984	1199023
2	1196206	1199006
1	1195294
1	1190034
1	1190096
1	1189988
1	1190093
1	1189248
3	1188703	1195857	1199037
3	1188684	1195915	1199027
3	1188640	1195830	1198995
3	1188701	1195883	1199017
3	1187877	1195069	1198212
1	1201015
1	1201022
1	1200942
1	1201057
1	1200201
2	1204981	1216979
2	1205009	1216964
2	1204896	1216899
2	1205048	1216989
0
0
0
0
0
0
4	1184413	1185131	1190614	1205825
4	1184466	1186630	1190587	1205826
4	1184361	1186508	1190573	1205814
4	1184467	1186649	1190594	1205773
1	1205024
1	1216093
1	1215970
1	1216013
1	1216009
0
3	1197096	1210438	1211885
3	1197092	1210401	1211647
3	1197028	1210326	1211840
3	1197114	1210477	1211970
1	1196254
2	1199088	1224388
2	1199006	1224409
2	1198989	1224354
2	1199061	1224404
1	1223586
3	1186445	1203898	1216262
3	1186353	1203874	1216353
3	1186315	1203893	1216243
3	1186441	1203825	1216329
1	1203075
3	1198175	1201576	1210386
3	1198210	1201651	1210461
3	1198150	1201529	1210364
3	1198185	1201650	1210433
1	1209610
2	1191453	1192866
2	1191455	1192721
2	1191337	1192765
2	1191516	1193254
1	1192430
2	1189907	1209839
2	1189913	1209892
2	1189891	1209743
2	1189877	1209935
0
1	1193458
1	1193496
1	1193378
1	1193532
1	1192641
2	1197999	1203703
2	1198069	1203710
2	1197986	1203605
2	1198029	1203765
2	1197222	1202886
2	1203596	1210686
2	1203529	1210730
2	1203513	1210600
2	1203572	1210773
1	1202746
0
0
0
0
0
2	1208947	1211247
2	1208923	1211413
2	1208889	1211263
2	1208938	1211353
2	1208123	1210514
1	1219307
1	1219327
1	1219287
1	1219300
0
4	1195330	1199568	1211717	2454075
4	1195338	1199561	1211749	2454099
4	1195301	1199497	1211671	2454050
4	1195322	1199585	1211741	2454078
1	1198747
4	1152702	1190491	1191712	1203335
4	1152837	1190542	1191566	1203280
4	1152686	1190423	1191550	1203238
4	1152805	1190567	1191635	1203346
1	1189655
3	1145035	1187008	1190507
3	1145032	1186966	1190415
3	1144967	1186893	1190412
3	1145050	1187040	1190452
1	1186150
0
0
0
0
0
2	1192434	1208569
2	1192470	1208527
2	1192330	1208516
2	1192532	1208522
1	1191635
1	1194998
1	1195024
1	1194988
1	1194979
1	1194197
2	1180575	1227653
2	1180524	1227691
2	1180454	1227563
2	1180607	1227735
2	1179736	1226857
2	1189785	1201148
2	1189741	1201029
2	1189706	1201051
2	1189781	1201086
2	1188949	1200267
2	1195579	1221738
2	1195563	1221570
2	1195482	1221598
2	1195627	1221678
0
0
0
0
0
0
0
0
0
0
0
2	1216573	1265474
2	1216614	1265605
2	1216496	1265450
2	1216635	1265578
1	1264725
1	1185185
1	1185235
1	1185091
1	1185280
0
2	1207597	3684089
2	1207529	3684185
2	1207552	3684069
2	1207526	3684154
0
2	1186581	1190273
2	1186546	1190290
2	1186442	1190194
2	1186643	1190323
2	1185749	1189468
3	1194379	1198056	1222601
3	1194414	1198100	1222464
3	1194327	1198004	1222430
3	1194419	1198094	1222592
0
1	1201536
1	1201554
1	1201484
1	1201564
0
4	1139037	1203723	1208567	1218375
4	1139135	1203748	1208615	1218306
4	1139024	1203666	1208503	1218282
4	1139103	1203762	1208631	1218353
1	1138241
2	1191035	1212728
2	1191041	1212680
2	1190952	1212627
2	1191067	1212735
0
4	1188026	1202743	1217073	1218449
4	1187997	1202860	1216977	1218325
4	1187952	1202749	1216965	1218353
4	1188025	1202805	1217050	1218457
3	1187195	1201987	1216214
3	1213266	1225594	3377488
3	1213164	1225736	3377587
3	1213190	1225590	3377524
3	1213202	1225686	3377494
1	1212401
1	1210500
1	1210563
1	1210436
1	1210576
0
2	1205518	1207830
2	1205565	1207918
2	1205452	1207789
2	1205584	1207914
1	1207059
0
0
0
0
0
0
0
0
0
0
3	1190045	1192610	1205101
3	1190128	1192606	1205048
3	1190086	1192529	1205011
3	1190039	1192631	1205094
1	1204259
2	1194315	1201634
2	1194236	1201720
2	1194210	1201614
2	1194299	1201706
2	1193462	1200880
2	1191464	1198899
2	1191440	1198962
2	1191409	1198912
2	1191448	1198891
0
3	1180951	1209384	1210680
3	1180950	1209238	1210534
3	1180861	1209242	1210640
3	1180993	1209340	1210477
1	1208494
3	1198351	1215241	3823528
3	1198401	1215284	3823649
3	1198324	1215214	3823555
3	1198378	1215264	3823577
2	1214448	3822772
0
0
0
0
0
1	1185248
1	1185259
1	1185197
1	1185263
1	1184433
1	1207081
1	1207096
1	1207117
1	1207013
1	1206274
0
0
0
0
0
4	1193650	1194552	1199491	1203244
4	1193773	1194511	1199619	1204498
4	1193640	1194476	1199493	1203153
4	1193729	1194552	1199568	1204924
1	1198711
2	1187413	1205634
2	1187463	1205675
2	1187367	1205564
2	1187461	1205703
2	1186612	1204823
1	1206960
1	1206939
1	1206890
1	1206960
0
3	1202227	1204081	1223276
3	1202237	1204127	1223213
3	1202185	1204078	1223176
3	1202229	1204073	1223274
2	1201408	1222433
0
0
0
0
0
4	1175376	1189143	1208897	1212540
4	1175363	1189183	1208882	1212531
4	1175285	1189106	1208829	1212503
4	1175411	1189169	1208898	1212514
2	1188346	1208073
6	1157605	1189335	1199025	1201285	1202870	1208353
5	1157706	1189311	1199042	1201350	1208484
6	1157592	1189287	1198951	1201239	1202791	1208378
5	1157673	1189311	1199065	1201343	1208420
3	1202032	1203210	1207604
3	1213128	1220384	1221638
3	1213136	1220427	1221706
3	1213030	1220345	1221650
3	1213193	1220414	1221644
1	1219577
3	1191422	1203351	2635998
3	1191407	1203339	2635987
3	1191355	1203275	2635959
3	1191423	1203370	2635980
2	1190595	1202534
2	1197538	1203241
2	1197617	1203372
2	1197551	1203259
2	1197555	1203310
0
3	1186307	1205887	1207336
2	1186437	1205843
3	1186260	1205812	1207274
2	1186431	1205872
1	1205047
2	1234211	1238513
2	1234211	1238500
2	1234124	1238482
2	1234251	1238494
0
0
0
0
0
0
2	1197861	1200545
2	1197949	1200656
2	1197864	1200534
2	1197904	1200620
1	1199785
2	1195741	1212075
2	1195671	1212115
2	1195673	1212056
2	1195695	1212088
0
0
0
0
0
0
3	1193058	1199792	1220140
3	1193021	1199756	1220279
3	1192990	1199725	1220120
3	1193039	1199788	1220243
0
2	1193010	1212584
2	1192966	1212691
2	1192891	1212570
2	1193042	1212657
1	1192173
1	1196386
1	1196412
1	1196242
1	1196512
1	1195942
2	1192169	1193422
2	1192111	1193393
2	1192032	1193365
2	1192195	1193377
0
1	1194122
1	1194139
1	1194069
1	1194148
0
0
0
0
0
0
1	1199587
1	1199598
1	1199514
1	1199623
0
2	1190175	1197240
2	1190161	1197262
2	1190072	1197217
2	1190226	1197237
1	1196427
2	1197930	1234600
2	1198006	1234596
2	1197935	1234586
2	1197949	1234554
1	1233782
4	1200863	1203063	1214084	1216508
4	1200938	1203072	1214164	1216444
4	1200862	1203023	1214064	1216436
4	1200894	1203061	1214139	1216475
4	1200084	1202249	1213309	1215606
1	1226282
1	1226227
1	1226234
1	1226228
0
2	1198685	1199710
2	1198638	1199802
2	1198638	1199652
2	1198643	1199806
0
3	1188764	1193144	1194700
2	1188829	1193115
3	1188690	1193049	1194666
2	1188865	1193168
1	1195274
2	1195458	1203838
2	1195548	1203882
2	1195439	1203776
2	1195523	1203898
1	1203041
3	1187025	1190857	1195722
3	1187244	1190849	1195734
3	1187074	1190797	1195682
3	1187151	1190859	1195732
2	1190038	1194913
2	1196692	1217827
2	1196668	1217742
2	1196571	1217704
2	1196747	1217821
2	1195845	1216967
2	1201738	1217155
2	1201781	1217163
2	1201682	1217069
2	1201786	1217199
1	1216338
3	1186650	1212324	1213786
3	1186568	1212429	1213823
3	1186552	1212316	1213777
3	1186622	1212387	1213788
0
3	1200130	1208653	1209585
3	1200169	1208688	1209506
3	1200071	1208588	1209479
3	1200186	1208708	1209579
1	1199332
3	1195839	1199019	1224431
3	1195825	1198922	1224322
3	1195819	1198970	1224275
3	1195795	1198930	1224438
2	1198142	1223564
3	1174208	1178107	1212375
3	1174232	1178089	1212419
3	1174159	1178066	1212372
3	1174229	1178085	1212376
2	1173403	1211580
2	1185660	1214230
2	1185687	1214033
2	1185585	1214013
2	1185723	1214204
0
0
0
0
0
0
1	1212733
1	1212813
1	1212679
1	1212824
1	1211957
3	1185217	1187299	1198915
3	1185197	1187315	1198928
3	1185173	1187272	1198840
3	1185191	1187295	1198957
2	1186492	1198103
0
0
0
0
0
3	1187274	1201217	1201964
3	1187256	1201223	1201986
3	1187201	1201133	1201909
3	1187275	1201262	1202007
1	1200403
3	1191327	1192754	1212518
3	1191265	1192559	1212538
3	1191219	1192590	1212493
3	1191329	1192783	1212511
1	1211709
2	1198321	1217116
2	1198275	1217085
2	1198242	1217045
2	1198317	1217112
2	1197486	1216277
3	1195585	1209705	1216658
3	1195617	1209722	1216649
3	1195562	1209658	1216556
3	1195599	1209722	1216720
2	1208900	1215827
2	1195288	1200329
2	1195354	1200234
2	1195242	1200209
2	1195350	1200306
0
3	1190791	1193765	1199573
3	1190802	1193703	1199575
3	1190777	1193683	1199530
3	1190763	1193737	1199563
1	1198766
1	1214341
1	1214358
1	1214205
1	1214446
0
2	1192357	1194116
2	1192416	1194022
2	1192344	1194003
2	1192375	1194124
0
2	1190456	1198515
2	1190320	1198500
2	1190290	1198449
2	1190444	1198513
0
0
0
0
0
0
0
0
0
0
0
1	3141920
1	3141926
1	3141875
1	3141921
1	3141106
3	1200567	1212631	1223484
3	1200563	1212565	1223354
3	1200481	1212553	1223380
3	1200607	1212607	1223419
0
1	1204617
1	1204643
1	1204573
1	1204643
1	1203806
2	1193372	1225196
2	1193389	1225161
2	1193357	1225113
2	1193365	1225200
0
0
0
0
0
0
3	1201155	1267295	2724677
3	1201129	1267290	2724760
3	1201084	1267332	2724692
3	1201159	1267212	2724695
0
2	1197285	1205588
2	1197336	1205670
2	1197248	1205586
2	1197327	1205625
1	1204816
3	1195397	1196876	1203413
3	1195428	1196598	1203426
4	1195364	1196829	1203290	1204451
2	1195439	1203502
2	1194482	1202601
2	1205035	1209516
2	1204976	1209512
2	1204885	1209339
2	1205086	1209656
1	1204189
2	1201509	1202859
2	1201573	1203015
2	1201446	1202841
2	1201588	1202976
1	1200717
1	1187931
1	1187950
1	1187881
1	1187959
0
1	1211314
1	1211358
1	1211280
1	1211346
1	1210523
1	1210136
1	1210101
1	1210073
1	1210123
0
3	1205430	1206964	1213470
3	1205405	1206961	1213448
3	1205326	1206920	1213428
2	1205467	1206981
1	1204587
2	1196819	1231869
2	1196843	1231948
2	1196744	1231852
2	1196873	1231923
2	1196014	1231094
2	1199933	1210160
2	1199886	1210169
2	1199913	1210173
3	1199858	1200604	1210106
2	1199762	1209343
4	1202605	1210380	1211746	2551254
3	1202719	1210328	2551248
3	1202525	1210299	2551200
4	1202761	1210358	1211534	2551252
0
2	1192347	1204359
2	1192341	1204270
2	1192240	1204194
2	1192407	1204397
1	1203505
0
0
0
0
0
3	1192525	1199037	1216954
3	1192520	1199044	1216940
3	1192440	1198974	1216897
4	1192559	1199069	1200225	1216944
1	1191706
3	1207122	1208005	1257636
3	1207210	1208048	1257676
3	1207131	1207886	1257607
3	1207141	1208120	1257652
1	1206354
2	1197806	1208186
2	1197784	1208145
2	1197711	1208060
2	1197835	1208227
2	1196981	1207342
2	1210975	3499988
2	1210967	3500046
2	1210899	3499969
2	1210996	3500011
1	1210153
1	1196494
1	1196515
1	1196400
1	1196563
0
1	1210182
1	1210220
1	1210115
1	1210239
1	1209385
2	1192543	1205582
2	1192695	1205630
2	1192496	1205542
2	1192678	1205618
1	1204792
4	1178628	1180278	1197716	1206644
3	1178765	1197761	1206613
4	1178645	1180065	1197650	1206580
3	1178701	1197780	1206613
1	1177878
4	1189570	1190981	1208752	1212238
4	1189601	1190900	1208718	1212209
4	1189497	1190868	1208677	1212166
4	1189622	1190993	1208741	1212226
2	1188769	1190782
2	1197839	1198765
2	1197751	1198822
2	1197740	1198719
2	1197809	1198819
1	1197974
2	1194346	1195646
2	1194265	1195592
2	1194219	1195561
2	1194400	1195624
1	1194809
2	1197286	1198661
2	1197348	1198619
2	1197222	1198583
2	1197373	1198650
0
1	1201325
1	1201313
1	1201229
1	1201367
0
4	1199408	1205632	1209186	3143777
4	1199479	1205732	1209174	3143753
4	1199464	1205572	1209190	3143757
4	1199370	1205755	1209124	3143725
1	1208367
4	1185380	1194616	1203962	1309301
4	1185379	1194645	1204087	1309341
4	1185314	1194610	1203994	1309274
4	1185397	1194601	1204012	1309313
3	1193812	1203210	1308506
5	1193857	1195372	1199285	1217408	1218791
4	1193856	1199380	1202142	1217323
5	1193799	1195285	1199237	1217329	1218708
4	1193872	1199385	1202160	1217364
2	1193028	1216552
1	1203139
1	1203101
1	1203081
1	1203118
0
1	1184024
1	1184012
1	1183946
1	1184068
1	1183148
0
0
0
0
0
3	1194663	1200384	1211291
3	1194698	1200384	1211230
3	1194556	1200312	1211174
3	1194758	1200395	1211307
2	1193867	1210447
2	1197773	1199110
2	1197693	1199062
2	1197668	1199019
2	1197753	1199092
0
3	1192944	1212435	1215087
3	1192908	1212506	1215065
3	1192867	1212414	1215017
3	1192941	1212478	1215094
2	1192111	1211658
1	1215197
1	1215250
1	1215192
1	1215205
0
4	1199672	1208142	1211835	1218285
4	1199624	1208163	1211876	1218304
4	1199599	1208087	1211831	1218256
4	1199641	1208172	1211830	1218289
2	1207333	1211039
3	1192981	1216256	1218709
3	1192916	1216295	1218685
3	1192856	1216275	1218666
3	1192992	1216228	1218695
1	1215462
1	1183666
1	1183772
1	1183640
1	1183742
0
2	1200665	1215174
2	1200761	1215171
2	1200602	1215093
2	1200777	1215207
1	1199890
4	1201180	1204013	1218002	1231547
4	1201131	1204073	1217868	1231605
4	1201100	1203968	1217755	1231469
4	1201170	1204060	1218079	1231632
4	1200342	1203224	1217125	1230758
1	1218113
1	1218132
1	1218040
1	1218157
1	1217308
3	1200675	1208170	1210909
2	1200704	1208176
3	1200608	1208094	1210839
3	1200717	1208207	1210959
1	1210111
3	1197587	1207227	1209205
3	1197605	1207440	1209166
3	1197535	1207269	1209123
3	1197654	1207354	1209197
1	1208372
2	1214395	1219055
2	1214483	1219075
2	1214381	1219097
2	1214447	1218982
2	1213622	1218240
3	1195807	1200684	1217221
3	1195856	1200817	1217197
3	1195814	1200687	1217158
3	1195792	1200770	1217214
1	1216396
1	1178968
2	1178991	1180202
1	1178933
2	1178986	1180101
0
1	1191871
1	1191933
1	1191857
1	1191906
0
1	1199147
1	1199215
1	1199142
1	1199169
1	1198364
1	1202174
1	1202231
1	1202102
1	1202255
1	1201386
1	1205030
1	1205114
1	1205016
1	1205091
0
2	1196013	1210888
2	1195989	1210837
2	1195916	1210823
2	1196041	1210855
1	1195189
3	1195329	1201600	1206580
3	1195262	1201544	1206592
3	1195201	1201549	1206559
3	1195344	1201551	1206562
2	1194480	1200755
1	1185308
1	1185401
1	1185267
1	1185398
0
3	1203219	1210071	3812607
3	1203251	1210107	3812641
3	1203195	1210036	3812569
3	1203227	1210100	3812623
0
1	1192855
1	1192888
1	1192797
1	1192901
0
1	1177438
1	1177406
1	1177332
1	1177463
1	1176605
6	1180310	1190148	1205231	1206678	1222105	1229873
6	1180370	1190160	1205221	1206410	1222182	1229897
6	1180277	1190119	1205156	1206128	1222088	1229829
6	1180347	1190141	1205248	1206180	1222144	1229893
3	1179522	1189337	1204412
3	1195579	1204534	1205854
3	1195559	1204453	1205788
3	1195499	1204421	1205670
3	1195594	1204525	1205733
2	1203678	1207643
3	1196806	1232096	1233543
2	1196723	1232139
3	1196707	1232046	1233505
2	1196772	1232145
1	1231304
0
0
0
0
0
3	1188082	1204955	1209881
3	1188063	1205008	1209938
4	1187955	1190593	1204933	1209771
3	1188143	1204984	1209968
2	1204166	1209071
1	1206021
1	1205982
1	1205885
1	1206076
0
1	1186543
1	1186448
1	1186452
1	1186498
1	1185682
1	1193510
1	1193532
1	1193483
1	1193508
1	1192699
4	1193024	1197194	1199259	1206326
5	1192908	1197167	1199202	1206364	1209219
4	1192907	1197074	1199172	1206309
5	1192994	1197239	1199252	1206325	1209263
3	1192158	1196366	1198419
3	1191900	1204290	1214439
3	1191950	1204350	1214394
3	1191849	1204254	1214399
3	1191951	1204342	1214389
0
0
0
0
0
0
4	1196903	1198356	1216440	1219079
4	1196868	1198421	1216446	1219088
4	1196789	1198350	1216385	1218990
4	1196935	1198672	1216456	1219145
2	1196065	1218271
1	1204857
1	1204997
1	1204858
1	1204947
1	1204113
2	1192100	1198133
2	1192065	1198150
2	1192030	1198081
2	1192089	1198154
0
1	1216075
1	1216129
1	1216045
1	1216108
1	1215275
5	1189734	1192601	1196030	1200993	1218628
4	1189826	1192556	1198976	1218639
5	1189759	1192474	1195976	1198905	1218605
5	1189756	1192651	1196061	1200946	1218612
1	1200140
3	1195000	1197844	1204862
3	1194961	1197870	1204915
4	1194841	1197762	1198804	1204809
3	1195079	1197900	1204930
2	1194156	1197039
0
0
0
0
0
1	1206905
1	1206911
1	1206850
1	1206914
1	1206094
0
0
0
0
0
3	1205488	1206453	1212491
3	1205418	1206537	1212518
2	1205414	1206443
3	1205446	1206503	1212521
0
4	1169437	1190845	1195217	1206740
4	1169525	1190831	1195263	1206808
4	1169403	1190817	1195199	1206771
4	1169510	1190806	1195233	1206732
2	1168666	1205958
5	1180242	1186821	1188269	1195158	1206674
5	1180167	1186846	1188332	1195132	1206710
5	1180189	1186803	1188259	1195141	1206682
5	1180180	1186809	1188292	1195095	1206648
2	1179386	1187480
4	1201159	1203729	1205091	1212134
4	1201166	1203783	1207454	1212140
4	1201089	1203676	1205040	1212025
4	1201190	1203781	1207458	1212193
2	1200340	1206610
2	1185260	1221919
2	1185265	1221846
2	1185184	1221814
2	1185296	1221903
1	1221066
1	1196479
1	1196478
1	1196424
1	1196484
0
3	1190967	1219824	3118917
3	1190936	1219929	3118962
3	1190892	1219762	3118841
3	1190965	1219941	3118982
1	1219059
2	1210725	1212175
2	1210691	1212111
2	1210582	1212065
2	1210792	1212194
2	1209893	1211339
5	1193673	1195487	1203800	1212102	1216998
5	1193738	1195461	1203905	1212054	1216991
5	1193656	1195475	1203837	1212010	1216953
5	1193701	1195420	1203823	1212106	1216994
3	1194657	1211258	1216177
1	1204342
1	1204386
1	1204283
1	1204396
1	1203545
2	1191017	1200660
2	1191059	1200625
2	1190985	1200536
2	1191040	1200710
2	1190220	1199826
2	1207087	1216376
2	1207054	1216348
2	1206987	1216263
2	1207112	1216419
0
1	1202191
1	1202230
1	1202121
1	1202247
1	1201395
3	1196407	1203945	1211971
3	1196407	1203940	1211989
3	1196298	1203888	1211905
3	1196469	1203960	1212010
2	1195590	1211167
3	1191274	1198431	1202308
3	1191282	1198457	1202215
4	1191142	1198422	1202185	1203612
3	1191375	1198414	1202294
2	1197628	1201450
2	1189155	1191823
2	1189121	1191782
2	1189007	1191736
2	1189231	1191795
1	1188328
3	1200588	1202060	1204644
2	1200597	1204608
3	1200523	1201997	1204583
2	1200615	1204631
2	1199765	1203818
2	1187993	1203050
2	1187966	1203034
2	1187909	1202944
2	1188008	1203082
0
2	1199350	1211039
2	1199278	1211028
2	1199186	1210962
2	1199400	1211059
1	1198503
0
0
0
0
0
3	1196570	1207885	2447481
3	1196539	1207907	2447521
3	1196499	1207869	2447447
3	1196564	1207875	2447505
0
1	1205656
1	1205721
1	1205635
1	1205686
1	1204867
4	1190914	1193832	1208146	1209658
3	1190933	1193798	1208175
4	1190856	1193747	1208102	1209564
3	1190954	1193841	1208166
2	1193006	1207345
3	1182579	1184603	1201182
3	1182596	1184640	1201190
2	1184580	1201138
3	1182674	1184611	1201191
1	1183807
2	1187912	1192989
2	1187971	1192917
2	1187838	1192926
2	1187994	1192937
1	1187125
1	2381805
1	2381987
1	2381841
1	2381901
0
2	1197357	1224182
2	1197497	1224348
2	1197312	1224155
2	1197491	1224337
1	1196608
3	1187023	1191923	1198367
3	1187050	1191875	1198417
3	1186927	1191800	1198348
3	1187098	1191948	1198395
3	1186219	1191088	1197583
2	1197769	1211003
2	1197776	1211007
2	1197660	1210970
2	1197840	1210994
0
0
0
0
0
0
2	1196174	1197529
2	1196222	1197538
2	1196147	1197531
2	1196203	1197491
1	1195379
3	1197349	1201361	1219470
3	1197311	1201282	1219398
3	1197305	1201250	1219352
3	1197307	1201351	1219466
2	1200505	1218617
3	1202480	1228126	1257568
3	1202526	1228195	1257620
3	1202485	1228024	1257497
2	1202471	1257645
1	1256778
3	1195420	1199629	1206018
3	1195496	1199668	1206026
4	1195367	1199540	1200381	1205908
3	1195502	1199697	1206094
3	1194646	1198826	1205210
1	1187833
1	1187845
1	1187756
1	1187870
0
2	1201250	1205303
2	1201259	1205335
2	1201150	1205229
2	1201311	1205360
0
3	1173816	1192626	1200901
3	1173821	1192698	1200982
3	1173759	1192589	1200914
3	1173829	1192689	1200917
1	1191848
3	1200696	1201606	1207342
4	1200810	1201643	1207469	1212187
3	1200717	1201541	1207325
3	1200745	1201661	1207436
1	1199937
4	1202244	1205749	1216537	1222632
4	1202265	1205819	1216533	1222634
4	1202184	1205695	1216514	1222586
4	1202277	1205817	1216513	1222636
2	1201436	1221818
1	1201744
1	1201677
1	1201613
1	1201768
1	1200896
1	1182405
1	1182322
1	1182325
1	1182354
0
1	1192442
1	1192478
1	1192436
1	1192432
1	1191626
3	1193463	1195234	1203572
3	1193496	1195371	1203591
3	1193363	1195273	1203499
3	1193531	1195281	1203607
1	1193291
3	1190311	1206883	1211055
3	1190412	1206877	1211166
3	1190277	1206798	1211001
3	1190399	1206914	1211168
2	1189533	1210292
2	1192332	1210215
2	1192399	1210236
2	1192288	1210114
2	1192392	1210291
1	1191546
1	1205634
1	1205633
1	1205518
1	1205706
0
2	1192054	1218499
2	1192008	1218482
2	1191921	1218406
2	1192103	1218526
1	1217675
3	1187210	1197723	1208904
3	1187231	1197518	1208826
3	1187126	1197554	1208815
3	1187272	1197651	1208885
1	1186401
2	1191690	1195774
2	1191643	1195747
2	1191650	1195659
2	1191632	1195802
1	1190849
5	1188042	1206286	1217620	1218719	1281729
5	1188142	1206293	1217666	1218707	1281603
5	1188038	1206211	1217563	1218598	1281619
5	1188091	1206326	1217672	1218784	1281674
0
1	1195543
1	1195573
1	1195537
1	1195524
1	1194741
1	1198616
1	1198651
1	1198544
1	1198683
1	1197791
2	1201012	1204029
2	1201048	1204097
2	1200964	1203974
2	1201045	1204107
1	1203249
1	1198397
1	1198462
1	1198351
1	1198457
1	1197610
4	1189993	1198421	1209468	1214103
4	1190005	1198490	1209625	1214094
4	1189886	1198387	1209491	1214044
4	1190054	1198482	1209552	1214094
3	1189585	1197639	1208731
0
0
0
0
0
1	1185399
1	1185251
1	1185283
1	1185330
1	1184511
4	1195466	1200824	1202399	1211401
5	1195403	1200793	1202393	1211486	1214944
4	1195363	1200797	1202376	1211343
4	1195455	1200778	1211497	1214910
1	1210597
0
0
0
0
0
2	1183754	1217080
2	1183843	1217017
2	1183761	1217018
2	1183788	1217031
1	1182982
1	1192506
1	1192487
1	1192456
1	1192490
0
2	1196302	1207752
2	1196439	1207733
2	1196362	1207729
2	1196330	1207695
0
2	1202889	1204251
2	1202855	1204276
2	1202786	1204252
2	1202919	1204220
1	1202040
2	1190785	1193875
2	1190778	1193890
2	1190722	1193798
2	1190796	1193923
1	1193068
1	1194778
1	1194763
1	1194695
1	1194800
0
2	1187131	1205096
2	1187095	1205092
2	1187050	1204943
2	1187126	1205206
2	1186296	1204270
2	1174216	1199484
2	1174272	1199528
2	1174165	1199473
2	1174276	1199494
0
2	1212743	1214170
1	1212674
2	1206842	1212689
1	1212681
1	1211894
6	1178978	1191040	1200441	1203775	1204574	1214905
5	1178796	1191094	1200420	1203783	1214897
6	1178808	1191012	1200372	1203671	1204511	1214881
5	1178932	1191073	1200448	1203846	1214876
3	1178074	1199619	1202961
5	1191539	1197093	1199905	1206245	1208184
4	1191450	1197090	1199893	1206334
5	1191450	1197113	1199853	1206269	1208094
4	1191497	1197011	1199901	1206261
2	1190678	1207360
2	1200383	1215464
2	1200406	1215476
2	1200328	1215427
2	1200415	1215463
0
0
0
0
0
0
2	1197399	1206123
2	1197419	1206224
2	1197302	1206149
2	1197472	1206149
1	1205359
4	1185567	1201077	1204120	1210299
4	1185508	1201162	1204133	1210260
4	1185424	1201055	1204022	1210200
4	1185609	1201139	1204183	1210306
1	1209463
4	1188987	1190335	1194343	1198218
4	1188934	1194253	1195252	1199868
4	1188882	1194244	1195161	1198202
4	1189002	1194317	1195240	1199901
3	1193488	1197419	1199071
3	1196818	1207600	1211853
3	1196860	1207556	1212014
3	1196809	1207511	1211863
3	1196825	1207605	1211963
2	1196021	1211124
2	1198045	1215163
2	1198117	1215141
2	1198022	1215062
2	1198089	1215195
1	1197263
3	1201240	1205248	1212061
3	1201214	1205344	1212016
3	1201179	1205208	1212041
3	1201228	1205328	1211979
2	1200417	1211224
1	1184891
1	1184773
1	1184787
1	1184839
0
1	1212478
1	1212446
1	1212411
1	1212476
0
2	1220109	1222261
2	1220170	1222218
2	1220067	1222194
2	1220163	1222252
1	1219322
3	1198266	1206430	2260856
3	1198294	1206345	2261013
3	1198181	1206378	2260886
3	1198331	1206354	2260934
2	1197461	1205569
4	1191856	1199416	1204132	1205403
3	1191960	1193056	1204113
4	1191841	1199411	1204036	1205477
3	1191924	1199436	1204159
4	1191083	1198633	1203304	1204610
3	1185259	1218650	1224890
3	1185344	1218580	1224937
3	1185211	1218566	1224831
3	1185347	1218626	1224959
1	1217805
3	1194960	1195807	1201416
3	1194985	1195904	1201391
3	1194841	1195759	1201353
2	1195049	1195987
1	1202216
3	1188788	1194745	1199836
3	1188827	1194695	1199759
3	1188749	1194668	1199732
3	1188820	1194729	1199828
3	1187962	1193904	1198986
0
0
0
0
0
0
0
0
0
0
04/30/2018 00:01:43	04/30/2018 00:10:55
