4	1204330	1213043	1214897	1232646
5	1204812	1213550	1216600	1233061	1233866
5	1204706	1213416	1216614	1233050	1233808
4	1204389	1213128	1215268	1232602
3	1203757	1212483	1232037
4	1206214	1207467	1213087	1217304
3	1206707	1207914	1214616
3	1206539	1207788	1213479
4	1206336	1207547	1213176	1217690
3	1205625	1206886	1212538
4	1178953	1207350	1209963	1224072
4	1179418	1207807	1210822	1224443
5	1179287	1180401	1207766	1210655	1224402
4	1179038	1207327	1210605	1224053
1	1206763
3	1195999	1204725	1206297
3	1196613	1205104	1206779
3	1196354	1205107	1206289
3	1196218	1204662	1206381
1	1205730
2	1210236	1218467
2	1210594	1218939
2	1210583	1218846
2	1210196	1218510
2	1209605	1217884
1	1210283
1	1210805
1	1210687
1	1210353
1	1209730
1	1207126
1	1207542
1	1207503
1	1207113
0
2	1189426	1206367
2	1189829	1206757
3	1189717	1190915	1206668
3	1189490	1190955	1206413
2	1188776	1205738
0
0
0
0
0
4	1143935	1204391	1206942	1211729
3	1143782	1204873	1207338
4	1143603	1204778	1207289	1212036
4	1144084	1204440	1206960	1208482
2	1143049	1203790
3	1194042	1196339	1213493
3	1194474	1196740	1213979
3	1194376	1196637	1213835
3	1194092	1196395	1213586
1	1212892
3	1218819	1219844	1230156
3	1219290	1220240	1230594
3	1219173	1220254	1230505
3	1218893	1219979	1230201
1	1218250
4	1191628	1203677	1211864	1221766
4	1191943	1204093	1212357	1222207
4	1191979	1204005	1212262	1222106
4	1191546	1203708	1211904	1221795
0
3	1204646	1206058	1233084
3	1205137	1206511	1233547
3	1205046	1206503	1233344
3	1204690	1206023	1233239
3	1204081	1205471	1232497
2	1206108	1209237
2	1206509	1209707
2	1206494	1209616
2	1206065	1209283
1	1208642
4	1195379	1206613	1211632	1212488
3	1195797	1207099	1212093
3	1195641	1207025	1211985
3	1195490	1206635	1211677
1	1206040
1	1218607
1	1219008
1	1218974
1	1218585
0
2	1179661	1208289
2	1179978	1208773
2	1179996	1208626
2	1179594	1208389
1	1207718
2	1215621	1221780
2	1216018	1222174
2	1215975	1222117
2	1215622	1221785
0
5	1200706	1212576	1215027	1256247	1258012
4	1201157	1213088	1215497	1256648
4	1200994	1212941	1215394	1256545
4	1200820	1212674	1215091	1256291
3	1200101	1212018	1214445
2	1218554	1220157
2	1219002	1220605
2	1218905	1220514
2	1218601	1220192
1	1219578
2	1212787	1213744
2	1213280	1214145
2	1213109	1214027
2	1212919	1213863
0
5	1194374	1206684	1207609	1220399	1230622
5	1194722	1207103	1207950	1220853	1231083
5	1194704	1207066	1207955	1220755	1230993
5	1194339	1206669	1207559	1220445	1230661
4	1193729	1206079	1219785	1230037
3	1214872	1215845	1220695
2	1215327	1221194
2	1215202	1216316
3	1214951	1216061	1220795
1	1220118
3	1186194	1202215	1203542
3	1186494	1202706	1204193
3	1186462	1202588	1203692
3	1186169	1202296	1203769
1	1185524
5	1192206	1197961	1207387	1216323	1218226
4	1192555	1198340	1207788	1216693
5	1192503	1198238	1199404	1207693	1216624
5	1192207	1198019	1207433	1216349	1218282
0
3	1198913	1208452	1209338
3	1199371	1208959	1209778
3	1199278	1208804	1209658
3	1198964	1208554	1209603
0
0
0
0
0
0
1	1204797
1	1205220
1	1205125
1	1204845
0
5	1183141	1205569	1209131	1211070	1214112
4	1183526	1205974	1209622	1214608
4	1183462	1184546	1205889	1209522
5	1183163	1205604	1209189	1211097	1214258
2	1182520	1204953
2	1203754	1214280
2	1204183	1214786
2	1204136	1214656
2	1203743	1214366
2	1203155	1213713
2	1181532	1182732
2	1181973	1183155
2	1181839	1183039
2	1181612	1182867
0
0
0
0
0
0
2	1202806	1203700
2	1203299	1204109
2	1203173	1203995
2	1202881	1203793
0
3	1205059	1207085	1214294
3	1205501	1207563	1214588
3	1205423	1207491	1214696
3	1205088	1207146	1214140
1	1204460
6	1131411	1132655	1188225	1192867	1193939	1281020
5	1131153	1132468	1188686	1193264	1281542
6	1131100	1132379	1188566	1193191	1194274	1281097
5	1131424	1132734	1188292	1192878	1281424
3	1130469	1187640	1280466
1	1206832
1	1207276
1	1207205
1	1206839
0
3	1191641	1209029	1227142
3	1192059	1209455	1227600
3	1191961	1209335	1227466
3	1191695	1209109	1227245
2	1208427	1226511
2	1207934	1213876
2	1208356	1214339
2	1208295	1214222
2	1207949	1213937
0
1	1179158
1	1179176
1	1178989
1	1179305
0
5	1204055	1205992	1214077	1220146	2299870
6	1204527	1206463	1214422	1220591	1223998	2300494
5	1204451	1206349	1214427	1220493	2300008
6	1204077	1206049	1214009	1220195	1223577	2300313
1	1205371
1	1211656
2	1212189	1212960
1	1212053
2	1211739	1212563
1	1211101
4	1193797	1196819	1206828	1208680
3	1194193	1197197	1207298
3	1194197	1197170	1207191
4	1193739	1196784	1206878	1209223
3	1193178	1196185	1206246
2	1192263	1200027
2	1192709	1200512
1	1192590
2	1192337	1200113
1	1191670
2	1199617	1203997
2	1200026	1204424
2	1199978	1204361
2	1199607	1204002
0
4	1196292	1206044	1209252	1210478
3	1196642	1206544	1209766
3	1196556	1206475	1209656
4	1196329	1206060	1209306	1210568
3	1205475	1208685	1209922
5	1192433	1203669	1206848	1209885	1215268
5	1192757	1204093	1207362	1214016	1216980
5	1192750	1204031	1207222	1210223	1213967
5	1192390	1203682	1206940	1209912	1215269
4	1191780	1206293	1209275	1213011
5	1197910	1212059	1213954	1229884	1230905
5	1198316	1212555	1215907	1230285	1231258
5	1198210	1212445	1215749	1230291	1231271
5	1197963	1212122	1215464	1229816	1230818
1	1197300
2	1214979	1216162
2	1215453	1216634
2	1215349	1216532
2	1215038	1216210
1	1215593
2	1201136	1204146
2	1201569	1204649
2	1201449	1204549
2	1201210	1204200
1	1203580
2	1201769	1229374
2	1202242	1229730
2	1202145	1229773
2	1201817	1229274
1	1201190
3	1204383	1207870	1208823
2	1204897	1208359
2	1204735	1208223
3	1204495	1207971	1208931
2	1203824	1207298
4	1189903	1191556	1216795	1220734
4	1190300	1191966	1217300	1221178
4	1190252	1191904	1217159	1221115
5	1189903	1191548	1216896	1218378	1220755
2	1189292	1220142
3	1184842	1213530	1219562
4	1185283	1213987	1214998	1219958
4	1185113	1213862	1214989	1219880
3	1184958	1213607	1219599
3	1184243	1212939	1218943
1	1189067
1	1189438
2	1189355	1190504
1	1189097
0
4	1187832	1192409	1196637	1201174
4	1188270	1192346	1197103	1201545
4	1188144	1192528	1196915	1201505
4	1187909	1192192	1196780	1201165
1	1191573
2	1200603	1227336
3	1201075	1201777	1227778
2	1200941	1227702
2	1200687	1227364
1	1200023
3	1181826	1194348	1235715
3	1182090	1194814	1236125
3	1182043	1194647	1236105
3	1181785	1194465	1235677
1	1193769
3	1194408	1214493	1216463
2	1194779	1214940
2	1194745	1214847
3	1194394	1214540	1216038
1	1213904
1	1190976
1	1191438
1	1191317
1	1191042
0
2	1204780	1223543
2	1205258	1223940
2	1205155	1223880
2	1204837	1223551
1	1204200
1	1188111
1	1188400
1	1188463
1	1187991
0
0
0
0
0
0
4	1187373	1199478	1204528	1205638
3	1187749	1199851	1205019
4	1187672	1199785	1204851	1206035
4	1187406	1199501	1204647	1205884
0
3	1196798	1204936	1212591
3	1197204	1205364	1213048
4	1197125	1205312	1206330	1212995
3	1196827	1204934	1212594
3	1196158	1204333	1211996
2	1194178	1204356
2	1194587	1204172
2	1194519	1204567
3	1194195	1203908	1205691
1	1193568
4	1202241	1209542	1219515	1220673
4	1202694	1209984	1219972	1221099
4	1202598	1209939	1219910	1220993
4	1202294	1209532	1219523	1220708
1	1208948
3	1189291	1224978	1225990
3	1189783	1225405	1226429
3	1189581	1225345	1226368
3	1189460	1224987	1226459
0
3	1173955	1201082	1208610
3	1174233	1201468	1209000
3	1174271	1201410	1208909
3	1173868	1201092	1208650
1	1173256
0
0
0
0
0
0
0
0
0
0
3	1197399	1209337	1212763
3	1197857	1209876	1213242
3	1197710	1209722	1213101
3	1197502	1209445	1212868
2	1208791	1212187
1	1193664
1	1194041
1	1193978
1	1193675
1	1193036
1	1210076
1	1210558
1	1210453
1	1210132
0
2	1199590	1218139
2	1200009	1218620
2	1199901	1218517
2	1199652	1218197
1	1198985
3	1202374	1214398	1220372
3	1202761	1214917	1220882
3	1202698	1214760	1220744
3	1202399	1214508	1220461
3	1201726	1213842	1219797
2	1196586	1208905
2	1197008	1209355
2	1196990	1209232
2	1196544	1208987
1	1208319
3	1200639	1204990	1205809
2	1201099	1205416
3	1200948	1205290	1206133
2	1200748	1205066
1	1204385
1	1214192
1	1214708
1	1214575
1	1214273
1	1213645
4	1143507	1204651	1205580	1230479
4	1144067	1205080	1205909	1230800
4	1143824	1204894	1205821	1230812
4	1143699	1204781	1205720	1230422
2	1142971	1204043
1	1211817
1	1212270
1	1212189
1	1211843
1	1211213
6	1185486	1193035	1197199	1207088	1210607	1224237
6	1185888	1193512	1197600	1207600	1211147	1224704
6	1185788	1193330	1197486	1207482	1210990	1224605
6	1185535	1193168	1197269	1207159	1210720	1224283
5	1184855	1192434	1196576	1210059	1211269
1	1194540
1	1194917
1	1194856
1	1194554
1	1193914
6	1184334	1194405	1195264	1205386	1211946	1218756
6	1184798	1194846	1195682	1205862	1212369	1219202
8	1184688	1185771	1194719	1195491	1205766	1206783	1212228	1219077
6	1184399	1194484	1195339	1205434	1212029	1218830
3	1183754	1193811	1218165
5	1189545	1208025	1209017	1211811	1215066
3	1189931	1208473	1209447
4	1189836	1208409	1209415	1215438
4	1189596	1208038	1209010	1211757
2	1207431	1211170
4	1190039	1203276	1206139	1209435
3	1190391	1203707	1206642
4	1190298	1203586	1206528	1209653
4	1190083	1203339	1206218	1209674
1	1189391
0
0
0
0
0
5	1159365	1160246	1169241	1197602	1212647
5	1159813	1160755	1169621	1198038	1213133
6	1159709	1160647	1169552	1170422	1197889	1212979
5	1159427	1160401	1169264	1197705	1212753
3	1168613	1196998	1212072
2	1207217	1213622
2	1207646	1214115
2	1207587	1213979
2	1207226	1213714
1	1206615
2	1196369	1225810
2	1196747	1226277
2	1196653	1226207
2	1196412	1225829
0
2	1195112	1206428
2	1195531	1206814
2	1195427	1206767
2	1195159	1206441
0
0
0
0
0
0
4	1208807	1210666	1214513	1215410
3	1209183	1212127	1218154
2	1209138	1212001
4	1208803	1210588	1214582	1217743
1	1213883
3	1186081	1205501	1208803
3	1186503	1205972	1209292
3	1186361	1205916	1209145
3	1186180	1205520	1208886
2	1185480	1205522
3	1190198	1193128	1200991
3	1190610	1193585	1201354
3	1190526	1193323	1201297
3	1190232	1193178	1200990
2	1189582	1192540
0
0
0
0
0
2	1196189	1201476
2	1196655	1201941
2	1196552	1201834
2	1196237	1201533
1	1195608
2	1200044	1210398
2	1200475	1210883
2	1200309	1210729
2	1200167	1210501
0
3	1200294	1208769	1213026
3	1200750	1209199	1213493
3	1200634	1209124	1213355
3	1200367	1208794	1213119
2	1199705	1212444
2	1203023	1222833
2	1203473	1223324
2	1203318	1223136
2	1203131	1222974
1	1222266
3	1204157	1212810	1231472
3	1204551	1213224	1231881
3	1204540	1213166	1231855
3	1204114	1212819	1231452
2	1203536	1212201
4	1191303	1205287	1206834	1221347
3	1191663	1205389	1221857
4	1191564	1205527	1206410	1221725
3	1191344	1205100	1221432
1	1190625
1	1216113
1	1216601
1	1216515
1	1216150
0
3	1196525	1198738	1212245
3	1196967	1199222	1212810
3	1196864	1199105	1212638
3	1196575	1198805	1212363
2	1198165	1211708
0
0
0
0
0
1	1205796
1	1206333
1	1206144
1	1205932
0
4	1190935	1198468	1214127	1215004
4	1191332	1198845	1214591	1215383
4	1191269	1198807	1214474	1215237
4	1190946	1198455	1214196	1214982
2	1190316	1197833
2	1161403	1203164
2	1161818	1203591
2	1161757	1203488
2	1161414	1203220
1	1202533
4	1188491	1189520	1207677	1229135
5	1188933	1190020	1208151	1209463	1229536
5	1188845	1189933	1208028	1208997	1229511
5	1188531	1189638	1207754	1209209	1229107
1	1207111
4	1195050	1208766	1215929	1216992
4	1195507	1208930	1216438	1217534
4	1195353	1208878	1216286	1217439
4	1195157	1208761	1216031	1217143
1	1194463
2	1206171	1216245
2	1206654	1216763
1	1216690
2	1206208	1216264
1	1215687
2	991976	1179292
2	992256	1179687
2	992000	1179623
2	992193	1179305
2	991305	1178663
0
0
0
0
0
4	1190518	1195279	1196600	1206952
3	1191009	1195685	1207375
5	1190893	1191939	1195594	1207303	1208330
4	1190576	1195319	1196761	1206975
2	1194664	1206335
5	1194439	1196248	1200238	1201140	1206126
3	1194798	1197781	1206468
3	1194765	1197709	1206444
4	1194414	1195906	1200263	1206103
2	1196773	1199621
6	1185901	1186808	1195939	1198708	1205904	1230352
6	1186308	1187186	1196322	1199124	1206304	1230746
6	1186255	1187023	1196264	1199008	1206223	1230681
5	1185901	1186807	1195938	1205939	1230365
3	1195312	1198101	1205285
0
0
0
0
0
0
0
0
0
0
6	1209769	1214536	1217964	1223786	1225616	1233757
5	1210134	1215000	1218433	1224197	1234247
5	1210076	1214879	1218339	1224142	1234198
5	1209776	1214621	1218016	1223783	1233750
4	1209136	1217390	1223177	1233188
0
0
0
0
0
1	1214956
2	1215430	1216217
1	1215309
2	1215031	1216459
1	1214376
2	1187909	1216373
2	1188173	1216892
2	1188213	1216724
2	1187818	1216496
0
2	1198895	1213141
2	1199360	1213575
2	1199280	1213517
3	1198930	1213150	1214212
1	1198312
2	1200614	1212320
2	1201021	1212846
2	1200916	1212747
2	1200666	1212369
1	1199999
4	1200142	1217146	1218295	1226922
4	1200533	1217523	1218679	1227315
4	1200510	1217517	1218442	1227312
4	1200108	1217102	1218204	1226869
1	1199524
4	1191231	1211506	1213443	1225145
4	1191601	1211562	1213966	1225581
4	1191495	1211657	1213804	1225472
4	1191292	1211357	1213563	1225213
2	1212871	1224545
3	1203651	1205167	1215186
3	1204135	1205609	1215620
3	1204048	1205522	1215545
3	1203675	1205216	1215223
1	1204574
4	1178949	1190293	1191351	1214665
4	1179316	1190745	1191960	1215067
4	1179232	1190598	1191820	1214959
4	1178984	1190410	1191629	1214728
2	1178316	1214048
2	1199540	1211393
1	1211835
2	1199883	1211763
2	1199540	1211414
1	1210795
1	1204961
1	1205291
1	1205203
1	1205002
1	1204309
2	1199128	1212870
2	1199536	1213243
2	1199483	1213226
2	1199131	1212829
2	1198517	1212239
2	1204274	1208579
1	1208993
1	1208891
1	1208623
0
1	1217783
2	1218208	1219546
1	1218130
2	1217811	1219325
1	1217148
1	1214225
1	1214654
1	1214548
1	1214285
0
1	1193355
1	1193786
1	1193722
1	1193369
1	1192745
1	1213667
1	1214245
1	1214078
1	1213780
0
2	1197694	1208624
3	1198135	1209038	1209777
2	1198069	1208976
2	1197706	1208635
2	1197095	1208011
3	1191492	1193006	1205449
3	1191924	1193373	1205948
4	1191775	1193005	1205851	1206908
3	1191592	1193038	1205487
2	1190893	1204872
4	1195995	1202378	1203336	1213403
4	1196407	1202765	1206190	1213799
4	1196408	1202736	1203708	1213722
5	1195944	1202365	1203290	1205786	1213436
2	1195383	1205168
0
0
0
0
0
3	1205984	1207141	1215324
3	1206373	1207477	1215641
3	1206334	1207349	1215637
3	1205964	1207164	1215275
0
4	1201665	1204974	1208436	1212672
3	1202101	1205423	1211734
4	1201987	1205311	1208775	1213043
4	1201733	1205026	1206574	1211306
1	1207873
1	1197897
1	1198275
1	1198244
1	1197873
1	1197267
1	1231447
1	1231817
1	1231833
1	1231379
1	1230812
3	1201611	1202907	1208501
3	1202007	1203296	1208874
3	1201991	1203240	1208807
3	1201576	1202918	1208528
2	1202291	1207867
3	1198858	1221183	1223199
3	1199320	1221599	1223714
3	1199123	1221513	1223541
3	1199012	1221221	1223334
2	1220578	1222620
4	1201158	1212737	1215246	1219156
3	1201536	1213182	1215642
4	1201549	1213146	1215582	1219523
4	1201099	1212724	1215249	1219190
3	1212145	1214629	1218557
1	1195995
1	1196461
1	1196303
1	1196111
0
0
0
0
0
0
1	1212322
1	1212872
1	1212686
1	1212455
1	1211782
2	1216647	1217704
2	1217091	1218050
2	1217015	1218029
2	1216673	1217737
1	1216054
1	1215832
1	1216407
1	1216204
1	1215985
0
1	1200515
1	1200941
1	1200894
1	1200507
0
3	1193340	1212339	1214241
2	1212885	1214727
2	1212731	1214596
2	1212445	1214324
0
3	1199377	1200289	1214989
3	1199821	1200607	1215456
2	1199725	1215361
3	1199416	1200203	1215026
0
2	1199175	1223583
2	1199587	1224086
2	1199480	1223970
3	1199235	1200487	1223649
2	1198549	1222995
4	1195824	1197364	1204250	1225447
4	1196229	1197715	1204717	1225920
5	1196189	1197673	1204587	1206853	1225789
4	1195809	1197365	1204336	1225530
4	1195208	1196723	1203667	1224866
3	1214650	1222992	1223866
3	1215173	1223461	1224295
3	1215058	1223331	1224215
3	1214714	1223075	1224105
2	1214054	1222355
3	1227563	1241104	1241966
3	1228014	1241643	1242461
3	1227916	1241552	1242509
3	1227619	1241158	1242012
1	1226974
2	1206241	1224651
2	1206656	1225125
2	1206532	1225000
2	1206317	1224729
1	1205634
3	1204402	1213183	1218782
3	1204884	1213668	1219130
3	1204800	1213556	1219142
3	1204437	1213243	1218723
3	1203828	1212605	1218115
1	1219429
1	1219907
2	1219745	1220920
1	1219538
0
1	1298027
1	1298522
1	1298307
1	1298193
1	1297463
3	1197493	1209903	1216034
3	1197883	1210453	1216538
3	1197855	1210302	1216350
4	1197473	1198222	1210008	1216174
2	1196854	1215470
4	1189462	1199582	1206712	1208332
4	1189962	1199880	1207109	1208778
4	1189805	1199829	1207106	1208723
4	1189577	1199578	1206682	1208336
2	1188900	1198913
5	1182115	1197601	1203184	1205947	1213974
5	1182409	1198105	1203676	1206381	1215206
5	1182312	1197962	1203528	1206141	1214335
5	1182145	1197697	1203296	1206102	1214032
0
0
0
0
0
0
3	1192004	1217753	1249242
3	1192397	1218227	1249760
3	1192307	1218133	1249438
3	1192050	1217792	1249521
2	1191359	1248686
2	1202831	1212001
2	1203279	1212458
2	1203145	1212358
2	1202923	1212047
1	1202230
2	1202012	1217732
2	1202479	1218217
2	1202325	1218067
2	1202124	1217840
0
4	1203609	1218544	1225623	1239721
4	1204114	1218950	1225923	1239954
5	1203978	1218877	1219988	1225985	1240046
4	1203698	1218572	1225511	1239580
2	1217931	1239021
3	1187468	1238686	1239614
3	1187814	1239014	1239904
3	1187710	1239013	1239964
3	1187525	1238642	1239546
1	1186827
3	1195083	1202938	1209741
3	1195511	1203409	1210203
3	1195434	1203305	1210103
3	1195114	1202991	1209785
1	1194479
2	1188949	1221580
2	1189429	1222137
2	1189278	1221950
2	1189056	1221721
1	1221037
3	1204985	1205965	1218945
3	1205442	1206249	1219432
3	1205370	1206369	1219302
3	1205014	1205988	1219028
1	1218377
3	1156650	1213378	1214113
3	1157296	1213899	1214636
2	1157089	1213753
3	1156809	1213476	1214218
2	1156155	1212827
0
0
0
0
0
5	1198794	1199657	1202765	1213390	1218907
4	1199183	1200003	1213831	1219455
5	1199028	1199814	1203080	1213698	1219314
4	1198910	1199924	1213485	1219002
3	1198139	1202144	1218368
4	1191511	1197210	1198234	1206931
3	1191911	1197632	1207271
4	1191879	1197579	1198571	1207224
4	1191485	1197209	1198205	1206933
2	1190895	1206285
2	1194166	1196113
2	1194581	1195300
2	1194444	1196447
2	1194254	1196294
1	1193558
1	1206393
1	1206783
1	1206782
1	1206344
1	1205770
0
0
0
0
0
3	1180924	1206251	1208245
3	1181171	1206612	1208768
3	1181300	1206544	1207563
3	1180742	1206294	1207731
2	1180232	1207703
8	1177867	1182936	1195566	1199928	1200680	1205684	1210383	1217271
7	1178296	1183337	1195923	1200403	1210830	1213196	1218251
6	1178230	1183337	1195818	1200255	1206006	1210719
7	1177881	1182894	1195622	1200022	1210449	1212810	1217381
3	1199351	1212115	1217182
1	1180230
1	1180549
1	1180566
1	1180163
1	1179554
2	1200377	1221920
2	1200796	1222466
2	1200654	1222326
2	1200472	1222011
1	1199771
3	1191001	1209553	1218619
3	1191345	1209984	1219085
3	1191306	1209905	1219020
3	1190997	1209583	1218631
2	1208955	1218034
0
0
0
0
0
4	1188713	1191305	1197988	1218515
4	1189093	1191703	1198329	1218891
4	1189084	1191668	1198307	1218820
4	1188672	1191294	1197955	1218525
3	1190674	1197323	1217837
3	1193521	1201601	1210894
3	1193874	1202027	1211349
3	1193774	1201931	1211244
4	1193570	1201649	1210954	1212222
3	1192881	1200989	1210296
2	1215624	1216418
2	1216085	1216894
2	1215973	1216819
2	1215683	1216528
1	1215038
5	1210897	1214884	1216929	1225104	1230602
5	1211269	1215430	1219480	1225511	1231203
4	1211320	1215263	1225395	1231060
5	1210795	1215004	1216036	1225156	1230700
4	1210260	1214338	1218497	1224468
2	1197245	1201398
2	1197609	1201745
3	1197559	1201751	1202789
2	1197251	1201339
1	1200747
5	1199966	1213936	1215116	1221113	1228180
4	1200510	1214464	1215626	1228587
5	1214310	1215472	1221491	1228527	1229638
5	1200044	1214036	1215274	1221388	1228192
1	1220649
2	1193360	1226643
3	1193685	1194515	1227098
2	1193705	1227020
3	1193290	1194088	1226668
2	1192709	1226056
3	1192596	1194418	1200759
3	1193051	1194805	1201251
3	1192863	1194774	1201136
3	1192741	1194413	1200824
1	1200193
0
0
0
0
0
0
0
0
0
0
5	1199221	1201930	1204696	1209842	1215223
4	1199602	1202349	1210303	1215680
4	1199556	1202292	1210196	1215578
5	1199213	1201934	1204735	1209894	1215276
2	1201324	1204074
2	1214942	1219842
2	1215457	1220352
2	1215316	1220225
2	1215035	1219925
2	1214369	1219287
1	1193596
1	1194004
1	1193928
1	1193625
1	1192982
1	1195178
1	1195620
1	1195466
1	1195284
1	1194583
3	1200877	1229164	1230166
3	1201345	1229597	1230558
3	1201231	1229579	1230550
3	1200945	1229116	1230104
1	1200297
0
0
0
0
0
1	1211643
1	1212070
1	1212001
1	1211666
0
4	1190991	1192498	1200050	1214058
4	1191288	1192895	1199802	1214560
4	1191368	1192831	1200187	1214437
4	1190855	1192513	1199596	1214135
2	1191881	1213491
5	1199364	1203368	1207424	1211663	1294061
4	1199766	1203776	1207841	1294019
5	1199694	1203729	1204770	1213727	1293686
5	1199390	1203364	1207433	1211704	1294345
4	1198758	1202758	1211044	1212813
3	1204952	1205796	1385789
3	1205371	1206112	1385686
3	1205240	1206015	1385741
3	1205039	1205961	1385689
1	1384926
3	1209010	1210098	1221828
3	1209489	1210512	1222272
3	1209380	1210461	1222202
4	1209070	1210199	1221844	1223415
1	1221230
4	1200123	1201080	1210685	1216309
4	1200631	1201551	1211194	1216793
4	1200455	1201389	1211068	1216666
5	1200252	1201252	1210762	1216412	1217967
2	1210127	1215982
1	1202566
1	1203064
1	1202975
1	1202607
1	1201999
3	1195019	1207892	1219904
3	1195533	1208330	1220343
3	1195409	1208258	1220251
3	1195096	1207913	1219942
2	1194461	1207294
3	1200624	1229828	1235479
3	1201059	1230175	1235794
3	1201017	1230218	1235863
3	1200615	1229737	1235368
2	1200025	1229188
1	1202475
1	1202918
1	1202814
1	1202533
0
3	1194116	1195302	1198309
2	1194517	1195702
2	1194505	1195691
2	1194072	1195314
0
2	1186466	1203375
2	1186883	1203844
2	1186788	1203670
2	1186511	1203496
2	1185864	1202796
3	1193640	1194740	1210714
3	1194002	1195116	1211228
3	1193951	1195065	1211147
3	1193653	1194744	1210751
1	1196492
5	1201124	1206718	1212258	1214274	1222641
5	1201610	1207118	1212704	1214845	1223132
5	1201431	1207043	1212621	1214634	1223010
4	1201263	1206743	1212298	1222710
4	1200539	1206100	1211659	1213750
2	1209665	1210724
2	1210135	1211197
2	1210037	1211086
2	1209705	1210793
1	1209061
2	1214341	1217742
2	1214735	1218184
2	1214657	1218008
2	1214373	1217884
1	1213723
0
0
0
0
0
1	1210304
1	1210637
1	1210585
1	1210303
1	1209655
1	1194676
1	1195092
1	1195004
1	1194714
1	1194068
3	1210734	1211801	1219463
3	1211304	1212292	1219994
3	1211119	1212107	1219869
3	1210873	1213805	1219540
2	1210202	1218908
0
0
0
0
0
2	1192257	1212062
2	1192590	1212558
2	1192535	1212463
2	1192263	1212109
1	1211494
2	1200097	1207737
2	1200503	1208145
2	1200427	1208077
2	1200125	1207755
2	1199486	1207124
2	1209337	1214182
2	1209877	1214625
2	1209696	1214550
2	1209474	1214216
1	1208794
7	1173106	1174039	1191818	1209475	1210715	1220242	1225238
7	1173470	1174368	1191502	1209847	1211208	1220654	1225618
7	1173476	1174403	1191597	1209794	1210849	1220581	1225579
7	1173039	1173964	1191683	1209477	1211010	1220266	1225224
4	1190847	1208835	1211426	1224611
3	1207507	1214156	1215202
2	1207876	1214629
3	1207772	1214496	1215595
3	1207568	1214242	1215382
2	1206879	1215684
3	1211432	1214856	1215679
2	1211857	1215339
2	1211811	1214830
3	1211431	1214933	1215769
1	1214299
1	1146398
1	1146969
1	1146743
1	1146570
0
1	1195772
1	1196167
1	1196158
1	1195727
1	1195127
3	1204890	1242439	1243278
3	1205370	1242967	1243778
3	1205268	1242772	1243630
3	1204938	1242594	1243444
0
1	2507836
1	2508263
1	2508121
1	2507925
1	2507222
2	1193780	1201522
2	1194185	1196417
3	1161626	1194038	1201859
3	1193890	1196153	1201634
1	1200959
4	1190724	1198940	1200798	1204044
3	1191143	1199338	1202419
4	1191121	1199284	1200282	1204423
4	1190694	1198942	1200521	1201995
2	1190120	1201371
3	1192407	1218721	1219665
3	1192876	1219371	1220257
3	1192740	1219120	1220111
3	1192504	1218941	1219867
2	1191828	1220008
1	1204757
1	1205145
2	1205091	1206139
1	1204764
1	1204117
0
0
0
0
0
2	1210306	1215356
2	1210777	1215696
2	1210665	1215670
2	1210368	1215325
1	1209729
4	1206931	1208052	1216298	1225233
3	1207362	1216822	1225677
3	1207266	1216674	1225580
4	1206981	1208441	1216395	1225279
3	1206311	1215712	1224637
2	1206710	1240830
2	1207188	1241171
2	1207110	1241218
2	1206739	1240733
0
0
0
0
0
0
3	1208028	1218388	1224074
3	1208408	1218854	1220382
3	1208383	1218760	1224441
4	1208005	1218430	1219990	1224110
2	1207405	1217796
3	1197162	1198042	1203104
3	1197523	1198373	1203536
3	1197555	1198300	1203382
3	1197086	1197869	1203203
0
2	1202602	1203397
2	1203004	1203864
2	1202980	1203767
2	1202577	1203446
0
1	1216472
1	1216943
1	1216805
1	1216563
1	1215889
5	1193925	1206367	1207477	1215421	1220033
5	1194386	1206820	1207919	1215886	1220491
5	1194272	1206732	1207839	1215694	1220391
5	1193999	1206403	1207515	1215503	1220083
2	1205776	1219449
1	1184090
1	1184554
1	1184409
1	1184183
1	1183503
5	1202675	1203496	1213287	1214205	1218744
5	1203120	1203933	1213435	1219159	1220561
3	1203034	1203871	1213684
4	1202720	1203560	1213158	1218783
3	1213574	1218124	1219443
0
0
0
0
0
1	1190340
1	1190628
1	1190706
1	1190214
0
2	1193633	1199259
2	1194000	1199780
2	1193958	1199646
2	1193621	1199346
2	1192995	1198705
6	1193415	1198501	1212437	1214160	1216888	1280949
5	1193794	1198991	1212894	1214546	1280549
5	1193779	1198855	1212808	1214547	1280766
6	1193385	1198577	1212476	1214096	1216937	1280688
1	1211852
2	1193409	1195619
2	1193874	1196058
2	1193696	1195955
2	1193537	1195688
0
4	1207840	1211724	1214731	1228304
3	1208307	1211983	1228703
4	1208191	1212109	1215105	1228666
4	1207911	1211542	1214763	1228290
2	1214143	1227684
1	1197321
1	1197773
1	1197634
1	1197416
0
1	1209472
1	1209935
1	1209839
1	1209525
1	1208890
1	1210222
1	1210775
1	1210586
1	1210364
1	1209684
2	1206519	1210424
1	1210795
1	1210733
2	1206482	1210444
1	1209774
3	1200623	1206775	1223345
3	1201132	1207358	1223826
3	1201006	1207148	1223653
3	1200695	1206939	1223471
2	1206254	1222773
5	1193931	1205263	1207821	1215420	1218469
5	1194264	1205667	1208294	1215805	1218905
5	1194277	1205564	1208186	1215763	1218796
5	1193864	1205323	1207867	1215415	1216918
0
4	1162988	1163894	1206421	1211660
4	1163486	1164241	1206898	1212128
4	1163224	1163967	1206781	1212011
4	1163210	1164166	1206490	1211731
3	1162402	1205844	1211075
2	1206778	3344401
3	1207183	1210295	3344911
2	1207107	3344363
2	1206810	3344906
1	3343841
4	1191402	1213225	1214674	1221379
3	1191862	1213637	1215193
4	1191639	1213605	1215004	1221548
4	1191576	1213205	1214820	1221500
1	1190814
4	1194747	1201283	1208719	1212345
4	1195259	1201669	1209230	1212726
4	1195155	1201608	1209141	1212682
4	1194797	1201295	1208758	1212358
0
0
0
0
0
0
2	1199431	1206668
2	1199869	1207129
2	1199796	1207054
2	1199454	1206689
1	1198826
1	1199579
1	1200071
2	1199930	1202814
1	1199671
0
3	1203118	1213227	1214093
3	1203581	1213726	1214520
3	1203506	1213597	1214436
3	1203141	1213308	1214129
0
4	1212024	1214914	1221151	1231120
4	1212485	1215464	1221616	1231635
4	1212356	1215205	1221466	1231523
4	1212102	1215144	1221415	1231184
1	1230561
3	1188603	1208328	1212202
3	1188918	1208768	1212558
3	1188906	1208696	1212484
3	1188560	1208367	1212193
1	1207732
3	1199679	1200461	1225350
2	1200022	1225878
2	1200016	1225690
3	1199755	1201094	1225490
2	1199137	1224798
2	1194469	1196176
2	1194856	1196665
2	1194756	1196536
2	1194523	1196261
2	1193847	1195610
2	1198538	1199651
2	1199049	1200198
1	1198808
2	1198735	1199994
1	1197944
1	1201826
1	1202303
1	1202202
1	1201887
0
1	1188752
1	1189175
1	1189133
1	1188737
1	1188149
3	1190448	1214011	1216599
3	1190828	1214205	1217008
3	1190810	1214358	1216951
4	1190421	1213802	1216619	1218143
1	1215993
0
0
0
0
0
3	1216540	1224967	1234341
4	1217022	1217778	1225376	1234714
3	1216894	1225345	1234741
3	1216620	1224946	1234263
3	1215959	1224357	1233707
2	1189459	1212673
2	1189811	1213185
2	1189767	1212997
2	1189453	1212817
2	1188819	1212077
0
0
0
0
0
1	1214992
1	1215495
1	1215372
1	1215070
1	1214430
3	1194646	1200506	1201478
2	1195072	1200935
3	1194944	1200844	1201833
3	1194737	1200555	1201575
1	1199881
2	1182462	1213796
2	1182904	1214223
2	1182750	1214178
2	1182568	1213789
1	1181868
1	1213229
1	1213718
1	1213632
1	1213254
0
2	1209527	1210274
2	1210045	1210817
1	1209903
2	1209616	1210443
0
4	1197284	1198280	1217592	1219145
4	1197704	1198703	1218000	1219556
4	1197636	1198645	1217912	1219485
4	1197308	1198223	1217631	1219149
2	1216968	1218503
3	1184375	1193271	1212183
3	1184589	1193785	1212560
3	1184662	1193639	1212516
3	1184252	1193363	1212171
1	1192713
2	1201833	1219942
2	1202304	1220377
2	1202216	1220303
2	1201871	1219966
2	1201254	1219344
2	1220465	1221178
2	1220936	1221703
2	1220778	1222598
1	1220575
1	1219885
0
0
0
0
0
2	1196737	1211697
1	1212234
1	1212118
1	1211761
1	1211152
1	1201943
1	1202438
1	1202270
1	1202062
0
3	1201409	1206313	1214228
3	1201796	1206828	1214750
3	1201668	1206703	1214613
3	1201486	1206383	1214317
3	1200788	1205731	1213647
2	1188431	1221696
2	1188607	1222161
2	1188714	1222059
2	1188265	1221750
1	1221108
2	1196550	1198472
2	1197013	1198832
2	1196849	1198675
2	1196662	1198615
0
2	1205713	1211957
2	1206128	1212405
2	1206098	1212336
2	1205689	1211978
2	1205104	1211369
3	1207115	1211837	1231704
3	1207580	1212251	1232227
4	1207445	1212179	1232052	1233218
3	1207204	1211863	1231835
1	1231117
1	1195433
1	1195817
1	1195804
1	1195390
1	1194807
3	1195493	1198216	1216693
3	1195939	1198619	1217233
3	1195788	1198525	1217039
3	1195596	1198233	1216846
1	1194900
0
0
0
0
0
5	1181614	1188487	1199865	1205064	1218108
5	1181974	1188880	1200312	1205539	1218518
5	1181957	1188787	1200197	1205400	1218399
5	1181576	1188528	1199938	1205168	1218181
1	1199257
2	1210199	1211417
2	1210633	1211854
2	1210523	1211594
2	1210260	1211509
0
4	1197744	1198926	1204247	1209392
3	1198112	1204755	1208094
4	1197989	1199178	1204653	1210503
4	1197828	1199084	1204302	1207663
0
1	1221205
1	1221714
2	1221550	1222744
2	1221325	1222789
1	1220646
2	1178050	1218819
2	1178451	1219257
2	1178354	1219173
2	1178095	1218858
1	1218226
1	1191612
1	1191968
1	1191905
1	1191623
1	1190973
2	1209141	1210995
2	1209621	1210403
2	1209523	1212611
2	1209195	1209964
1	1208568
0
0
0
0
0
0
0
0
0
0
3	1196430	1210776	1212997
3	1196835	1211298	1213378
3	1196728	1211158	1213367
3	1196489	1210870	1212976
2	1195793	1210199
2	1210410	1226376
2	1210947	1226779
2	1210778	1226692
2	1210529	1226415
1	1209863
2	1205861	1206811
2	1206286	1207279
2	1206198	1207267
2	1205898	1207010
0
4	1184781	1188885	1189872	1196047
3	1184717	1189360	1196477
3	1184936	1189222	1196365
4	1184510	1188966	1190207	1196108
2	1188278	1195434
4	1206437	1209896	1241932	1242798
4	1206867	1210323	1242257	1243135
4	1206772	1210231	1242262	1243235
4	1206482	1209991	1241880	1242644
1	1241270
3	1200095	1207978	1214741
3	1200637	1208440	1215187
3	1200516	1208358	1215072
3	1200171	1208010	1214798
0
3	1200187	1202033	1214242
3	1200627	1202522	1214693
3	1200535	1202424	1214602
3	1200234	1202084	1214293
1	1213599
3	1204780	1211773	1270066
3	1205264	1212267	1270393
3	1205197	1212146	1270354
3	1204793	1211848	1270046
3	1204206	1211183	1269406
0
0
0
0
0
2	1209787	1217981
2	1210337	1218501
2	1210165	1218351
2	1209914	1218081
2	1209248	1217411
1	1186029
1	1186417
1	1186348
1	1186046
0
6	1196554	1198682	1200173	1202867	1235280	1236228
5	1197076	1199139	1205869	1235731	1236608
5	1196947	1199074	1205665	1235672	1236627
4	1196641	1198716	1235295	1236220
2	1196004	1198102
1	1213429
1	1213879
1	1213787
1	1213473
0
3	1198314	1204144	1212551
3	1198755	1204545	1213058
4	1198748	1204406	1205631	1212896
4	1198267	1204239	1205660	1212659
1	1203518
2	1203845	1214333
2	1204290	1214717
2	1204183	1214661
2	1203902	1214343
1	1203242
4	1193287	1194880	1199417	1210183
3	1193790	1195314	1210510
3	1193675	1195227	1210485
4	1193351	1194911	1199527	1210156
3	1192718	1194268	1209517
5	1202088	1203453	1206896	1215680	1219149
3	1202539	1204102	1216146
4	1202448	1203709	1216078	1219511
4	1202135	1203703	1207009	1215675
2	1203091	1218518
2	1198001	1207330
3	1198405	1199198	1207873
3	1198316	1199389	1207728
3	1198038	1199520	1207431
0
3	1196438	1230340	1241506
3	1196931	1230712	1241910
3	1196865	1230612	1241874
3	1196446	1230395	1241485
2	1195868	1229708
2	1205483	1206347
2	1205970	1206750
2	1205848	1206616
2	1205552	1206342
1	1204911
4	1205644	1207864	1209746	1213749
3	1206111	1208336	1214303
3	1206046	1208269	1210169
2	1205661	1207904
2	1209183	1213196
2	1189631	1218485
2	1189927	1218829
2	1189913	1218801
2	1189590	1218457
2	1188943	1217838
2	1200697	1221039
3	1201070	1221530	1223051
2	1201072	1221343
3	1200648	1221210	1222644
1	1200070
3	1197853	1218440	1219327
3	1198294	1218925	1219727
3	1198271	1218779	1219570
3	1197816	1218536	1219375
1	1217860
4	1199570	1200855	1205247	1212939
3	1199952	1201255	1213407
4	1199885	1201031	1205594	1213343
3	1199596	1200967	1212967
1	1204638
1	1199841
1	1200332
1	1200171
1	1199955
1	1199273
2	1187318	1203172
2	1187708	1203561
2	1187653	1203546
2	1187324	1203132
1	1186700
4	1196166	1197055	1212433	1216557
4	1196651	1197433	1212728	1217039
4	1196507	1197375	1212683	1216886
4	1196252	1197136	1212426	1216674
2	1195576	1211763
0
0
0
0
0
3	1194308	1204928	1209871
3	1194787	1205500	1210445
3	1194659	1205348	1210250
3	1194391	1205033	1210020
3	1193733	1204399	1209347
5	1191988	1193082	1205483	1210420	1215572
5	1192408	1193215	1205958	1210900	1216027
5	1192338	1193256	1205875	1210809	1215967
5	1192017	1192806	1205512	1210452	1215590
1	1209841
1	1181505
1	1181675
1	1181657
1	1181485
0
0
0
0
0
0
0
0
0
0
0
3	1214369	2702919	2703660
2	1214784	2702910
3	1214712	2702560	2703294
3	1214382	2703229	2704017
0
1	1196747
1	1197086
1	1197057
1	1196726
1	1196097
1	1238145
0
0
1	1237992
0
3	1179771	1202281	1222293
3	1180013	1202731	1222807
3	1179918	1202600	1222661
3	1179815	1202363	1222394
1	1179077
6	1189999	1201199	1216299	1217461	1220804	1227760
5	1190367	1201626	1216751	1217917	1228196
6	1190355	1201563	1216645	1217768	1222519	1228157
6	1189957	1201202	1216417	1217552	1220865	1227768
2	1220275	1221520
0
0
0
0
0
5	1200663	1202042	1204780	1207573	3240301
3	1201066	1202436	3239959
4	1201005	1202380	1207959	3240345
4	1200668	1202178	1204779	3239869
3	1204149	1206971	3239315
4	1189516	1190704	1210180	1211272
4	1190034	1191096	1210616	1211628
4	1189802	1191032	1210509	1211610
4	1189705	1190729	1210238	1211331
1	1190098
0
0
0
0
0
1	1191769
1	1192185
1	1192099
1	1191815
1	1191164
2	1214626	1216060
2	1215114	1216488
2	1214972	1216126
2	1214727	1216215
0
2	1171464	1206674
2	1171876	1207071
2	1171814	1207006
2	1171480	1206689
1	1206057
3	1153718	1217810	1240864
3	1154068	1218253	1241213
3	1153666	1218139	1241255
3	1154073	1217873	1240771
2	1217218	1240224
1	1179815
1	1180175
1	1180141
1	1179781
0
0
0
0
0
0
5	1211675	1215462	1218697	1223054	1231980
4	1212207	1219133	1223511	1232413
3	1212032	1219003	1223342
4	1211802	1218782	1223183	1232014
3	1211098	1218095	1222472
6	1192698	1197919	1211656	1232725	1235196	1239675
5	1193079	1198295	1212075	1233075	1235542
6	1193022	1198255	1212048	1233071	1235623	1240177
6	1192708	1197913	1211628	1232676	1235073	1239722
1	1197290
4	1156694	1157712	1172146	1215319
5	1157240	1158073	1172770	1215838	1216587
5	1157019	1157947	1172552	1215690	1216586
5	1156866	1157887	1172314	1215421	1216216
3	1156150	1171643	1214739
3	1193084	1199010	1204939
4	1193464	1199403	1205334	1205927
3	1193398	1199328	1205278
3	1193107	1199041	1204958
1	1204936
4	1193397	1194349	1199673	1220406
4	1193856	1194789	1200115	1220855
4	1193705	1194630	1200055	1220758
4	1193515	1194671	1199689	1220454
1	1199083
2	1187683	1213736
2	1188080	1214212
3	1188085	1189008	1214118
2	1187625	1213781
2	1187065	1213155
1	1228274
1	1228760
2	1228622	1229721
2	1228355	1229887
1	1227682
2	1218527	1219272
2	1219012	1219804
1	1218893
2	1218618	1219425
2	1217909	1219202
2	1179171	1198445
2	1179534	1198871
2	1179394	1198733
2	1179263	1198532
1	1197826
2	1203958	1209669
2	1204423	1210181
3	1204371	1206048	1210045
2	1203945	1209758
2	1203841	1209112
5	1192632	1206670	1221812	1223461	1252872
5	1193048	1207205	1222303	1223785	1252645
5	1192940	1207052	1222207	1223358	1252926
5	1192689	1206772	1221862	1223810	1252547
1	1221221
2	1209395	1214995
2	1209909	1215380
2	1209797	1215340
2	1209462	1214993
2	1208841	1214375
2	1214808	1232173
2	1215271	1232567
2	1215214	1232561
2	1214810	1232126
1	1214224
0
0
0
0
0
3	1196137	1201162	1207723
3	1196487	1201563	1208214
3	1196429	1201510	1208110
3	1196142	1201193	1207760
1	1195494
2	1215283	1216108
2	1215764	1216557
2	1215638	1216447
2	1215363	1216115
1	1214703
3	1211446	1213352	1230949
3	1211969	1213859	1231388
3	1211806	1213704	1231268
3	1211562	1213456	1231020
2	1210890	1230355
2	1203203	1223152
2	1203611	1223567
2	1203542	1223510
2	1203219	1223156
2	1202592	1222532
3	1204352	1209840	1211668
2	1204792	1210303
2	1204643	1210237
2	1204460	1209859
0
5	1200277	1201175	1207638	1213632	1216406
4	1200740	1201650	1210651	1214028
5	1200697	1201656	1207988	1213958	1216743
5	1200265	1201271	1207720	1210110	1213673
1	1212989
1	1194393
1	1194915
1	1194761
1	1194504
1	1193841
1	1201573
1	1202024
1	1201974
1	1201577
0
1	1214741
1	1215173
1	1214815
1	1215062
1	1214125
6	1168032	1168918	1188367	1189498	1197077	1202349
6	1168216	1169154	1188775	1189939	1197448	1202769
6	1168347	1169201	1188669	1189837	1197440	1202698
6	1167846	1168775	1188424	1189614	1197028	1202366
2	1167307	1201738
5	1184482	1194846	1195843	1212489	1213880
5	1185099	1195264	1196275	1212946	1214401
5	1184831	1195194	1196075	1212784	1214020
4	1184702	1194874	1212605	1213995
4	1183975	1194213	1211900	1213324
1	1213196
1	1213702
1	1213574
1	1213273
1	1212635
0
0
0
0
0
0
0
0
0
0
3	1206756	1209194	1217853
4	1207265	1209649	1218334	1221675
4	1207054	1209426	1218143	1221519
3	1206920	1209404	1217992
3	1206198	1208636	1220612
2	1228208	1229784
2	1228557	1230118
2	1228562	1230190
2	1228156	1229661
1	1229146
2	1207346	1222823
2	1207883	1223338
3	1207733	1223174	1225795
3	1207449	1222942	1224385
1	1206801
2	1195173	1205405
2	1195601	1205858
2	1195501	1196625
2	1195221	1205420
1	1194569
2	1193807	1230446
2	1194180	1230912
2	1194094	1230802
2	1193843	1230505
2	1193169	1229864
2	1165975	1201607
2	1166507	1202046
1	1166296
2	1166141	1201677
1	1165425
4	1188594	1189613	1198388	1207483
4	1188985	1190116	1198751	1207934
4	1188877	1190008	1198723	1207827
4	1188649	1189795	1198368	1207545
2	1197755	1206898
1	1212813
1	1213248
1	1213166
1	1212849
1	1212217
2	1189987	1206652
2	1190432	1207091
2	1190333	1206980
2	1190032	1206719
1	1189397
1	1213397
1	1213869
1	1213753
1	1213464
1	1212819
0
0
0
0
0
2	1203061	1205459
2	1203451	1205878
2	1203481	1205856
2	1202990	1205421
1	1202436
3	1197969	1228685	1230516
2	1198417	1229079
2	1198301	1229091
2	1198037	1228618
1	1197381
0
0
0
0
0
4	1186660	1191893	1211783	1214049
4	1187081	1192368	1212212	1214429
4	1186932	1192188	1212153	1214356
4	1186752	1192029	1211788	1214075
1	1211184
2	1202360	1247910
2	1202813	1248270
2	1202719	1248289
3	1202415	1206947	1247839
0
3	1203184	1206032	1232171
3	1203611	1206585	1232681
3	1203592	1206472	1232519
3	1203158	1206075	1232288
1	1231605
1	1194010
1	1194325
1	1194313
1	1193980
1	1193354
0
0
0
0
0
1	1213088
1	1213462
1	1213435
1	1213066
0
3	1202214	1203802	1226643
3	1202669	1204027	1227170
3	1202540	1203870	1226978
3	1202291	1203775	1226788
1	1201610
2	1207219	1212531
2	1207687	1213077
2	1207588	1212942
2	1207265	1212612
2	1206636	1211986
3	1198574	1200232	1208296
3	1198986	1200650	1208806
3	1198894	1200565	1208643
3	1198609	1200264	1208416
2	1199633	1207715
1	1208942
1	1209470
1	1209322
1	1209043
1	1208383
3	1219183	1221512	1224972
2	1219697	1222007
2	1219544	1221825
3	1219289	1221647	1223761
2	1218614	1220942
4	1196885	1206084	1209154	1228085
4	1197273	1206475	1209545	1228480
4	1197284	1206392	1209499	1228439
4	1196820	1206119	1209148	1228066
1	1208532
0
0
0
0
0
3	1197812	1227943	1228741
3	1198210	1228314	1229126
3	1198179	1228275	1229032
3	1197799	1227931	1228724
2	1197156	1227311
1	1202393
1	1202935
1	1202801
1	1202476
0
0
0
0
0
0
6	1163571	1187208	1200535	1212425	1213499	1220688
6	1163832	1187660	1200955	1212924	1213988	1221202
6	1163961	1187562	1200869	1212806	1213849	1221101
6	1163393	1187257	1200569	1212491	1213600	1220741
4	1186621	1199925	1211858	1220132
1	1196302
1	1196730
1	1196663
1	1196317
1	1195700
2	1195912	1233685
2	1196362	1234205
2	1196228	1233839
2	1196004	1234017
1	1195323
4	1201318	1210233	1211491	3138942
5	1201721	1210663	1211640	3138496	3139208
4	1201643	1202709	1210609	3138569
4	1201342	1210244	1211687	3138830
1	1200688
4	1193970	1195600	1209454	1214616
4	1194397	1195995	1209901	1215069
4	1194335	1195918	1209752	1214973
4	1193988	1195614	1209560	1214672
1	1194986
4	1193024	1193967	1213305	1214863
3	1193321	1194239	1213768
3	1193320	1194304	1213667
3	1192970	1193893	1213361
2	1192351	1212721
0
0
0
0
0
2	1201077	1205169
2	1201477	1205596
2	1201414	1205509
2	1201092	1205206
0
3	1208629	1211845	1220318
2	1212246	1220880
3	1208982	1212215	1220680
2	1211821	1220470
2	1211235	1219778
0
0
0
0
0
2	1203003	1206139
2	1203396	1206612
2	1203260	1206513
2	1203090	1206183
2	1202388	1205537
5	1184597	1193680	1212281	1213149	1218817
5	1184930	1194114	1212709	1213523	1219194
5	1184852	1194091	1212637	1213465	1219164
5	1184623	1193647	1212311	1213145	1218797
2	1193079	1213590
2	1264630	1266207
1	1264757
2	1264499	1266182
2	1264843	1266387
0
1	1216132
1	1216475
1	1216468
1	1216091
0
3	1179709	1196310	1213371
3	1180310	1196830	1213838
3	1180062	1196652	1213726
3	1179914	1196439	1213440
1	1195755
1	1187241
1	1187727
1	1187604
1	1187315
0
1	1200313
1	1200722
1	1200599
1	1200386
0
5	1190796	1210870	1214194	1215146	1229331
4	1191019	1211330	1214615	1229817
5	1190961	1211221	1214530	1215616	1229658
4	1190799	1210928	1214230	1229350
1	1213588
2	1202045	1209930
2	1202482	1210494
2	1202308	1210322
2	1202164	1210053
1	1209398
0
0
0
0
0
3	1157651	1182837	1223110
3	1157679	1183307	1223607
3	1157525	1183174	1223458
3	1157761	1182927	1223210
1	1222544
1	1214664
1	1215089
1	1215025
1	1214668
1	1214054
4	1208769	1216608	1222819	1223752
3	1209303	1217122	1223401
4	1209147	1216980	1223205	1224155
3	1208885	1216702	1222960
4	1208222	1216050	1222291	1224078
2	1212241	1215442
2	1212752	1215940
2	1212627	1215824
2	1212318	1215502
1	1214873
4	1172732	1190289	1202404	1222450
4	1173139	1190640	1202853	1222934
4	1173112	1190573	1202715	1222830
4	1172720	1190300	1202500	1222511
2	1189647	1221874
3	1170610	1213961	1214910
3	1171008	1214182	1215313
3	1170940	1214324	1215248
3	1170640	1213754	1214921
1	1214309
3	1209385	1211244	1229618
3	1209788	1212235	1230106
3	1209684	1212158	1229939
3	1209445	1211780	1229737
0
3	1193308	1194449	1208149
3	1193708	1194724	1208552
3	1193649	1194721	1208447
3	1193323	1194888	1208205
1	1192677
1	1199590
1	1200131
1	1199905
1	1199772
1	1199048
1	1213263
1	1213744
1	1213644
1	1213317
0
3	1189846	1210954	1212601
3	1190258	1211521	1213138
3	1190212	1211322	1212932
3	1189835	1211108	1212746
2	1189208	1212053
0
0
0
0
0
04/30/2018 02:19:36	04/30/2018 02:30:31
