2	1205323	1210751
2	1205809	1211205
3	1205795	1211112	1212925
3	1205286	1210792	1212372
0
4	1193978	1200394	1201242	1239626
4	1194362	1200151	1239982	1243317
5	1194283	1200553	1201315	1239980	1243256
5	1194010	1199950	1200904	1239582	1242917
1	1193355
3	1174440	1175334	1211864
3	1174713	1175606	1212327
3	1174735	1175669	1212234
3	1174367	1175218	1211905
2	1173762	1211276
3	1199593	1212366	1213403
3	1199881	1212609	1213595
4	1199837	1200997	1212634	1213524
3	1199584	1212283	1213123
1	1198914
1	1211095
1	1211481
1	1211478
1	1211035
1	1210464
3	1190515	1200454	1222535
3	1190958	1200896	1222852
3	1190847	1200755	1222869
3	1190581	1200549	1222486
2	1189922	1199859
5	1195464	1196299	1202783	1207353	1217353
5	1195853	1196670	1204333	1208973	1217835
6	1195738	1196488	1203146	1204234	1208784	1217726
5	1195526	1196315	1202830	1207355	1217407
3	1194823	1206763	1216781
0
0
0
0
0
1	1227252
1	1227637
1	1227668
1	1227169
0
2	1203557	1237359
2	1203965	1237784
2	1203885	1237739
2	1203589	1237352
1	1202945
4	1197610	1208135	1209187	1212287
3	1198108	1208643	1209678
4	1197993	1208503	1209574	1212657
3	1197669	1208234	1209289
1	1197017
1	1213981
1	1214462
1	1214312
1	1214085
0
0
0
0
0
0
9	935795	1126931	1127896	1172465	1173390	1193294	1204316	1211641	1212534
8	935265	1127128	1128114	1172820	1173718	1204793	1212126	1213057
8	935541	1127302	1128059	1172609	1173447	1204713	1212035	1212894
9	935478	1126697	1127679	1172623	1173589	1193356	1204338	1211683	1215046
3	934716	1203734	1214402
3	1182236	1195047	1205829
3	1182691	1195442	1206219
3	1182574	1195353	1206225
3	1182305	1195089	1205767
2	1181646	1194428
1	1204046
1	1204528
2	1204413	1206213
2	1204115	1205569
1	1203464
1	1197290
1	1197693
1	1197627
1	1197306
1	1196660
2	1200889	1213096
2	1201295	1213482
2	1201214	1213420
2	1200928	1213112
0
0
0
0
0
0
2	1212141	1212906
1	1212546
2	1212459	1213239
1	1212183
0
3	1221776	1245260	1246677
3	1222254	1245586	1246985
3	1222142	1245635	1246960
3	1221844	1245177	1246704
0
3	1205394	1208844	1212253
2	1205880	1209393
3	1205749	1209212	1212587
3	1205477	1208998	1212095
3	1204804	1208298	1211561
2	1190693	1203634
2	1191000	1204056
2	1190962	1204012
2	1190673	1203627
1	1203031
5	1202663	1214230	1215404	1227175	1239583
5	1203088	1214701	1215887	1227647	1240129
5	1202982	1214637	1215768	1227582	1240068
5	1202721	1214246	1215458	1227322	1239585
1	1202057
0
0
0
0
0
2	1202935	1211768
2	1203356	1212206
2	1203301	1212143
2	1202934	1211777
1	1211165
1	1198088
1	1198476
1	1198475
1	1198033
1	1197466
2	1199741	1222790
2	1200199	1223268
2	1200051	1223154
2	1199839	1222860
1	1222217
1	1205550
1	1206050
1	1205883
1	1205673
1	1204982
5	1208799	1209852	1212704	1217871	1222984
4	1209308	1210335	1218346	1223442
4	1209157	1210297	1218181	1223317
5	1208909	1210032	1212765	1217991	1223057
2	1208237	1217293
4	1208474	1214621	1219292	1221690
4	1208968	1215065	1219737	1222135
4	1208850	1215003	1219660	1222066
3	1208542	1214610	1219322
3	1207889	1218688	1221099
0
0
0
0
0
0
0
0
0
0
1	1199253
2	1180822	1199623
1	1199574
1	1199226
0
2	1230506	1232600
2	1230862	1233038
2	1230906	1232649
2	1230410	1232119
0
1	1205755
1	1206206
1	1206106
1	1205803
0
0
0
0
0
0
2	1209956	1217300
2	1210384	1217823
2	1210265	1217678
2	1210028	1217401
2	1209351	1216724
0
0
0
0
0
2	1187281	1194579
2	1187722	1195028
2	1187623	1194914
2	1187331	1194657
2	1186691	1193993
4	1198839	1199706	1207440	1221372
4	1199280	1200095	1207698	1221805
4	1199258	1200184	1207711	1221721
4	1198804	1199639	1207382	1221409
3	1198238	1206754	1220771
3	1195274	1198784	1205897
3	1195652	1199117	1206249
3	1195589	1199021	1206168
3	1195289	1198839	1205928
3	1194647	1198135	1205258
3	1194925	1208283	1210397
3	1195433	1208713	1210859
3	1195318	1208682	1210783
3	1194992	1208257	1210456
2	1194368	1207682
3	1200051	1225959	1228671
3	1200451	1226391	1229209
3	1200405	1226342	1228930
3	1200038	1225942	1228737
0
5	1168116	1203061	1207140	1207950	1212805
4	1168388	1203490	1207602	1213168
5	1168430	1203447	1207477	1213203	1214136
5	1168019	1203053	1207217	1208036	1212716
3	1167410	1206553	1212161
3	1160662	1192991	1194043
3	1161086	1192715	1193768
3	1160754	1193060	1193978
3	1160951	1192599	1193660
1	1160035
1	1200129
1	1200540
1	1200471
1	1200147
1	1199505
4	1205291	1208209	1220502	1221775
3	1205742	1208709	1221009
4	1205613	1208594	1220891	1221979
4	1205375	1208282	1220572	1222106
2	1204702	1219937
1	1206363
1	1206760
1	1206720
1	1206343
0
5	1197616	1199507	1202331	1204133	1212490
3	1198131	1199788	1213008
3	1198010	1199777	1212883
4	1197688	1199365	1202343	1212564
0
2	1214358	1215328
2	1214799	1215650
2	1214711	1215649
3	1197541	1214390	1215280
1	1214676
3	1205501	1208913	1221184
3	1206025	1209326	1221684
4	1205876	1209234	1210529	1221516
3	1205612	1206374	1221294
2	1204897	1206460
3	1187011	1189352	1212297
3	1187308	1189643	1212687
3	1187386	1189510	1212634
3	1186874	1189264	1212298
3	1186956	1188707	1211660
2	1193443	1198170
2	1193798	1198206
2	1193711	1198364
2	1193480	1197960
0
4	1187492	1191756	1206892	1210358
4	1187825	1192165	1207307	1210770
4	1187845	1192087	1207202	1210774
4	1187410	1191783	1206953	1210305
2	1206281	1209749
2	1193791	1212195
3	1194063	1195465	1212643
3	1194121	1195567	1212560
3	1193687	1195179	1212227
0
3	1202964	1211214	1239879
3	1203380	1211636	1240292
3	1203305	1211553	1240288
3	1202992	1211238	1239824
2	1210607	1239268
2	1187574	1212327
2	1188014	1212757
2	1187916	1212624
2	1187622	1212415
2	1186977	1211726
4	1189877	1206798	1212310	1213280
3	1190356	1207228	1212700
4	1190211	1207147	1212642	1213684
4	1189979	1206833	1212319	1213118
4	1189282	1206198	1211685	1213320
2	1198494	1235752
2	1198839	1236218
2	1198813	1236190
2	1198469	1235736
1	1197848
0
0
0
0
0
3	1196875	1204618	1207606
3	1197270	1205180	1208126
3	1197214	1204953	1208006
3	1196885	1204795	1207667
3	1196238	1204082	1207603
6	1195256	1201746	1213705	1214879	1224253	1258787
6	1195682	1202267	1214218	1215343	1224641	1258846
6	1195622	1202137	1214101	1215181	1224568	1259004
6	1195272	1201828	1213757	1214900	1224279	1258583
1	1194658
0
0
0
0
0
4	1221813	1223990	1244297	1245544
4	1222184	1223726	1244654	1245888
4	1222154	1223677	1244692	1245923
4	1221789	1223993	1244207	1245463
1	1221171
4	1192709	1197865	1201798	1203841
3	1193133	1198255	1202161
3	1193026	1198172	1202142
4	1192764	1197906	1201783	1203856
3	1192105	1197246	1203242
2	1208361	1214661
2	1208833	1214843
2	1208736	1214904
2	1208409	1214540
2	1207781	1213922
4	1190075	1197569	1200404	1231059
4	1190433	1198011	1200823	1231538
4	1190356	1197857	1200719	1231436
4	1190100	1197673	1200450	1231114
3	1189432	1196967	1230486
5	1206658	1217381	1219904	1223199	1224982
3	1206821	1217813	1220324
3	1206891	1217737	1220260
5	1206538	1217406	1219926	1223203	1226390
2	1205920	1216786
2	1210023	1211543
2	1210468	1212023
2	1210366	1211905
2	1210075	1211612
1	1209432
0
0
0
0
0
1	1230153
1	1230585
1	1230497
1	1230185
0
1	1212501
1	1213004
1	1212881
1	1212572
1	1211932
3	1184920	1187722	1193401
3	1185362	1188073	1193821
3	1185227	1188028	1193706
3	1185005	1187703	1193469
3	1184323	1187072	1192801
2	1178200	1197920
2	1178528	1198314
2	1178501	1198267
2	1178176	1197929
1	1177548
5	1194365	1201168	1207798	1208730	1215202
4	1194785	1201591	1208331	1215500
5	1194728	1201563	1208165	1209108	1215509
4	1194379	1201143	1207908	1215144
2	1193759	1200560
6	1191277	1204581	1205596	1211606	1223042	1225196
5	1191673	1204949	1206005	1223568	1224795
5	1191650	1204980	1205921	1211989	1223393
6	1191241	1204485	1205624	1211666	1223177	1224552
1	1204986
1	1195235
1	1195682
1	1195623
1	1195243
1	1194645
1	1218599
1	1219031
1	1218944
1	1218636
0
0
0
0
0
0
2	1196635	1203808
2	1197021	1204179
2	1196991	1204182
2	1196612	1203784
1	1195983
5	413582	1201564	1235703	1262693	1263675
5	413287	1202053	1236219	1263121	1264077
5	413287	1201926	1236112	1263197	1264112
5	413546	1201639	1235762	1262557	1263512
3	412622	1200977	1235150
1	1198325
1	1198724
1	1198623
1	1198377
1	1197708
4	1201829	1209811	1216624	1221342
4	1202252	1210351	1217156	1221870
4	1202211	1210177	1217011	1221704
4	1201821	1209936	1216720	1221460
2	1209230	1216075
0
0
0
0
0
5	1193584	1196482	1200188	1219486	1220381
5	1193956	1196854	1200624	1219966	1220866
5	1193873	1196561	1198142	1219883	1220883
5	1193617	1196453	1200187	1219515	1220390
2	1196099	1199591
6	1194698	1195812	1205130	1206092	1213066	1217616
6	1195054	1195902	1205498	1208727	1213419	1217841
6	1195101	1195973	1205466	1208638	1213395	1217855
5	1194601	1205123	1206053	1213030	1217556
2	1194057	1216912
0
0
0
0
0
0
0
0
0
0
1	1039841
1	1039814
1	1039511
1	1040112
1	1039017
2	1205259	1206265
2	1205793	1206785
2	1205659	1206704
2	1205349	1206369
0
4	1202581	1203482	1214195	1216189
4	1203057	1203979	1214693	1216585
4	1202954	1203999	1214518	1218204
4	1202642	1203621	1214323	1216268
2	1202003	1213630
3	1197381	1205391	1206957
4	1197722	1205831	1207401	1208430
4	1197772	1205784	1207339	1208325
3	1197286	1205381	1206999
1	1196736
1	1144279
1	1144708
1	1144346
1	1144599
1	1143675
1	1206942
1	1207343
1	1207293
1	1206937
1	1206321
0
0
0
0
0
5	1192911	1193877	1198925	1205708	1213536
5	1193246	1194087	1201519	1206205	1213973
5	1193194	1194132	1199266	1206101	1213905
4	1192928	1193929	1198977	1213548
3	1192220	1205123	1212936
2	1202808	1238752
2	1203206	1239204
3	1203166	1204177	1239163
3	1202796	1204382	1238740
1	1202178
2	1210841	1220326
2	1211364	1220822
2	1211224	1220706
2	1210932	1220403
2	1210283	1219706
4	1207206	1213763	1226386	1331452
4	1207639	1214303	1226824	1330906
4	1207524	1214100	1226749	1331146
4	1207275	1213918	1226413	1331181
3	1206595	1213222	1330363
2	1208152	1239283
2	1208669	1239538
2	1208544	1239585
2	1208229	1239181
2	1207598	1238590
4	1190374	1209470	1216142	1222994
4	1190811	1209991	1216634	1223472
5	1190610	1209780	1216493	1217628	1223347
4	1190526	1209637	1216245	1223067
2	1189780	1222405
2	1182362	1204987
2	1182651	1205441
2	1182639	1205361
2	1182324	1205014
2	1181688	1204397
4	1203709	1218136	1219335	1222923
3	1204100	1218564	1219840
3	1204047	1218465	1219646
4	1203714	1218178	1219473	1223027
2	1218777	1222356
1	1210478
1	1210908
1	1210884
1	1210451
1	1209875
2	1198043	1208988
2	1198450	1209494
2	1198382	1209398
2	1198050	1209032
1	1208424
4	1177798	1203848	1205720	1212088
4	1178193	1204224	1206134	1212560
4	1178153	1204219	1206095	1212447
4	1177779	1203805	1205696	1212152
3	1203222	1205107	1211506
3	1198052	1204761	1219457
3	1198462	1205112	1219912
3	1198394	1205042	1219812
3	1198074	1204789	1219507
2	1204107	1218867
2	1213462	1217526
2	1213947	1218002
2	1213822	1217894
2	1213542	1217584
1	1212891
4	1202918	1206842	1207984	1215330
3	1203308	1207308	1215807
3	1203253	1207271	1215662
4	1202924	1206842	1208136	1215425
3	1202298	1206262	1214749
5	1197597	1206812	1208384	1214881	1227640
5	1197910	1207269	1208730	1215303	1228019
5	1197933	1198915	1207197	1215231	1228004
5	1197526	1206833	1208377	1214896	1227599
3	1196911	1206216	1207745
2	1218564	1227024
2	1218993	1227389
2	1218878	1227361
2	1218631	1227001
0
5	1198070	1199087	1218962	1219850	1232969
5	1198463	1199342	1219431	1220228	1233496
5	1198369	1199317	1219338	1220156	1233408
5	1198123	1199232	1219006	1219824	1233001
2	1197453	1218373
2	1200846	1223728
2	1201185	1224149
2	1201157	1224031
2	1200829	1223801
1	1223096
2	1211802	1213121
2	1212222	1213468
2	1212132	1213275
2	1211840	1213061
1	1211200
4	1183840	1189973	1205256	1206628
4	1184264	1190304	1205649	1207083
4	1184114	1190245	1205557	1206643
4	939723	1183940	1205314	1206702
1	1183236
4	1195708	1203671	1208059	1232339
3	1196100	1204040	1232702
3	1196044	1203997	1232692
3	1195710	1203659	1232294
2	1195088	1203029
1	1218564
1	1219145
1	1218971
1	1218690
1	1218037
3	1186486	1194889	1208326
4	1186865	1187591	1195274	1208786
3	1186768	1195254	1208639
3	1186530	1194861	1208424
1	1185860
2	1199874	1216698
2	1200302	1217201
2	1200225	1217086
2	1199900	1216765
1	1216135
1	1204734
1	1205198
1	1205091
1	1204784
0
3	1187574	1195932	1227576
3	1187894	1196326	1228021
3	1187839	1196256	1227922
4	1187581	1195957	1197422	1227630
0
2	1198557	1216990
2	1198975	1217451
2	1198925	1217335
2	1198556	1217053
1	1216368
2	1200923	1215868
2	1201324	1216399
2	1201296	1216191
2	1200898	1216030
2	1200307	1215916
1	1230292
1	1230688
1	1230676
1	1230252
1	1229664
0
0
0
0
0
4	1186450	1203724	1215257	1220749
4	1186732	1204218	1215675	1221099
4	1186778	1204068	1215616	1221077
4	1186358	1203829	1215265	1220724
3	1203160	1214654	1220110
2	1208578	1223345
2	1208979	1223759
2	1208920	1223689
2	1208585	1223355
1	1222737
4	1191298	1192426	1200886	1213364
4	1191765	1192774	1201291	1213802
4	1191639	1192781	1201256	1213741
4	1191377	1192493	1200868	1213377
2	1193968	1200268
7	674268	1194639	1202378	1203298	1209665	1219831	1225406
7	674369	1194309	1202917	1203809	1210164	1220377	1225829
7	674039	1194726	1202726	1203839	1210063	1220184	1225733
6	674562	1194179	1202520	1203923	1219988	1225461
4	673501	1209102	1219293	1224805
4	1193851	1202712	1208799	1218944
4	1194128	1203164	1209238	1219402
4	1194109	1203099	1209163	1219314
4	1193823	1202729	1208828	1218981
3	1193176	1202102	1218357
3	1204862	1205684	1220504
2	1205353	1221010
3	1205228	1206048	1220848
2	1204941	1220614
1	1204296
5	1141711	1193346	1199447	1202237	1211271
5	1142287	1193781	1199895	1206521	1211794
5	1141753	1193694	1199812	1202537	1211664
5	1142208	1193387	1199477	1206097	1211372
3	1141180	1192748	1198840
3	1161517	1184824	1221045
3	1161456	1185201	1221421
3	1161221	1185040	1221279
3	1161715	1184933	1221134
3	1160675	1184198	1220398
2	1192615	1200777
2	1192991	1201159
2	1192947	1201162
2	1192605	1200718
0
3	1188604	1197088	1216054
3	1189051	1197445	1216579
4	1188945	1197217	1198600	1216353
4	1188662	1197271	1198457	1216225
1	1196450
2	1204084	1205231
2	1204575	1205945
2	1204498	1205656
3	1204120	1205307	1208294
2	1205378	1207602
2	1191211	1207652
2	1191710	1208130
2	1191605	1208037
2	1191270	1207701
1	1207063
2	1200283	1212020
2	1200656	1212335
2	1200605	1212336
2	1200278	1211968
1	1211362
4	1195923	1196832	1204436	1216049
4	1196335	1197152	1204834	1216540
4	1196211	1197224	1204737	1216376
5	1195999	1196859	1204484	1207384	1216163
4	1195315	1203818	1205038	1215473
4	1203147	1221407	1286270	1287053
4	1203478	1221854	1286551	1287320
5	1203472	1204547	1221776	1286073	1286829
4	1203136	1221438	1286705	1287435
1	1202505
5	1189260	1190947	1203243	1212829	1213864
4	1191417	1192299	1203693	1213336
5	1191351	1192228	1203650	1213151	1214207
4	1191884	1203249	1212966	1214189
1	1212259
0
0
0
0
0
4	1199871	1205373	1215587	1217203
4	1200129	1205792	1216118	1217576
4	1200149	1205679	1215990	1217672
4	1199798	1205442	1215654	1217076
2	1199156	1204771
3	1185810	1189106	1190474
2	1186267	1189500
3	1186090	1189423	1190784
2	1185941	1189123
2	1185209	1188480
1	1202973
1	1203470
1	1203352
1	1203041
1	1202402
4	1182319	1199747	1206904	1230029
3	1182702	1200172	1207275
3	1182669	1200159	1207204
4	1182295	1199707	1206930	1230136
1	1181688
3	1194911	1211691	1243361
3	1195294	1212191	1243799
3	1195214	1212078	1243733
3	1194954	1211749	1243381
0
3	1202441	1203439	1209084
2	1202868	1203715
3	1202792	1203631	1209445
3	1202468	1203477	1209129
2	1201840	1208496
4	1202776	1207114	1208527	1210649
2	1203272	1207575
3	1203128	1207481	1208855
2	1202875	1207164
1	1202212
2	1200523	1217633
2	1200961	1218116
2	1200859	1218004
2	1200577	1217699
1	1199928
4	1213083	1218931	1220808	1231800
4	1213575	1219419	1232357	1233315
4	1213419	1219317	1232249	1233217
4	1213199	1218993	1231856	1232803
2	1212517	1218359
2	1207149	1284638
2	1207555	1284239
2	1207451	1284501
2	1207207	1284332
2	1206538	1283626
1	1190669
1	1191133
1	1191014
1	1190736
1	1190085
1	1234397
1	1234784
1	1234740
1	1234384
0
1	1195391
1	1195818
1	1195632
1	1195530
1	1194788
1	1208212
1	1208667
1	1208579
1	1208250
0
4	1196116	1197920	1203388	1220169
3	1196595	1197376	1220643
3	1196362	1203768	1220503
3	1196306	1203457	1220258
2	1195541	1219583
3	1219595	1231722	1286481
3	1220018	1231952	1286054
4	1219911	1232060	1232974	1286281
3	1219656	1231568	1286209
2	1218990	1285451
4	1200915	1206310	1217381	1219609
4	1201356	1206717	1217788	1220072
5	1201240	1206628	1217739	1219951	1221075
4	1200982	1206341	1217377	1219672
2	1200293	1205698
0
0
0
0
0
3	1174458	1182181	1219100
3	1175034	1182625	1219548
3	1174740	1182498	1219437
3	1174706	1182263	1219167
2	1173912	1218510
5	1184906	1186011	1201235	1202015	1223511
5	1185264	1186307	1201599	1202476	1224020
5	1185190	1186327	1201555	1202383	1223882
5	1184938	1185965	1201237	1202041	1223600
0
4	1190639	1191536	1197538	1220200
4	1191116	1191954	1200825	1220666
5	1190939	1191842	1197861	1200792	1220545
4	1190764	1191686	1197543	1220274
2	1190059	1199833
4	1190149	1191121	1194155	1201022
3	1190506	1191521	1201453
3	1190482	1191475	1201393
4	1190112	1191060	1194200	1201031
2	1193561	1200422
0
0
0
0
0
4	1194219	1195121	1224981	1226511
4	1194631	1195571	1225426	1226833
4	1194560	1195550	1225338	1227058
4	1194245	1195408	1225016	1226556
0
4	1194313	1205115	1207635	1210265
3	1194774	1205610	1208146
3	1194657	1205519	1208090
4	1194377	1205152	1207647	1210367
2	1204538	1210203
3	1192113	1192869	1207017
3	1192555	1193330	1207504
3	1192536	1194075	1207384
3	1192079	1192896	1207085
2	1191511	1206440
4	1197947	1199232	1204819	1206758
3	1198400	1199845	1205255
4	1198257	1199494	1205134	1207048
3	1198045	1199435	1204883
1	1198852
3	1204496	1205747	1211965
2	1204951	1206176
2	1204863	1206001
3	1204537	1205740	1212018
2	1203909	1205961
3	1152517	1207166	1208096
3	1153102	1207670	1208531
3	1152792	1207552	1208460
3	1152785	1207239	1208087
1	1151995
2	1193085	1210409
2	1193520	1210907
2	1193445	1210807
2	1193113	1210457
1	1192487
4	1200259	1201384	1214703	1223856
4	1200662	1201745	1215159	1224413
4	1200599	1201638	1215081	1224239
4	1200279	1201311	1214741	1223977
0
4	1194364	1199661	1235402	1236826
4	1194755	1200078	1235715	1237124
4	1194682	1199991	1235775	1237164
4	1194384	1199692	1235289	1236801
1	1193748
3	1196170	1196966	1215220
3	1196625	1197428	1215667
3	1196554	1197333	1215599
3	1196186	1196998	1215238
1	1214629
2	1202472	1216252
2	1202915	1216670
2	1202846	1216605
1	1216260
1	1215643
3	1189190	1193098	1220213
3	1189619	1193526	1220591
3	1189488	1193466	1220556
3	1189275	1193112	1220197
2	1188592	1219584
2	1204254	1205985
2	1204619	1205403
2	1204577	1206341
2	1204229	1204972
1	1205344
6	1182284	1193662	1201482	1203144	1210754	1211641
5	1182772	1194042	1201948	1203498	1211143
7	1182619	1193996	1201866	1203505	1204488	1211085	1212037
5	1182389	1193655	1201512	1203083	1210749
5	1181713	1193037	1200901	1202495	1211067
5	1202450	1208408	1223761	1231479	1233068
4	1202831	1208820	1224148	1231674
4	1202784	1208763	1224065	1231758
4	1202439	1208403	1223791	1231347
1	1223140
1	1217728
1	1218140
1	1218082
1	1217735
1	1217113
3	1188273	1202622	1213034
3	1188623	1203059	1213496
3	1188575	1203008	1213421
3	1188269	1202610	1213059
1	1187628
3	1181855	1190860	1193780
3	1182242	1191223	1194251
4	1182233	1191163	1194100	1195090
3	1181900	1190874	1193898
1	1190226
1	1196553
1	1197010
1	1196874
1	1196645
1	1195967
0
0
0
0
0
2	1191533	1199646
2	1191814	1199981
2	1191891	1199937
2	1191392	1199638
1	1198996
4	1195923	1203945	1221942	1226410
4	1196463	1204335	1222405	1226914
3	1196287	1204324	1222287
4	1196051	1203905	1222003	1226484
2	1195381	1203322
0
0
0
0
0
4	1114019	1115555	1204026	1219940
4	1114173	1115464	1204462	1220447
3	1113855	1114963	1204422
3	1114290	1115702	1204019
1	1203429
2	1204474	1206485
2	1204918	1206663
2	1204875	1206856
2	1204463	1206227
2	1203879	1205769
1	1180992
1	1181327
1	1181277
1	1180992
0
3	1192810	1195694	1209704
3	1193145	1196103	1210167
3	1193137	1195983	1210073
3	1192760	1195763	1209753
1	1195082
3	1193829	1194736	1199538
2	1194205	1195029
2	1194147	1195033
3	1193844	1194670	1199505
2	1193203	1198887
4	1198382	1202297	1204941	1223945
4	1198742	1202693	1207870	1224378
4	1198778	1202672	1205299	1224279
5	1198292	1202274	1204952	1207438	1223985
2	1197747	1206861
3	1207454	1215477	1235240
3	1207729	1215951	1235557
3	1207747	1215824	1235516
3	1207386	1215558	1235224
1	1214897
4	1190414	1202163	1203392	1213718
3	1190788	1202584	1214232
4	1190710	1202495	1203626	1214097
4	1190442	1202195	1203627	1213804
1	1189787
1	1204206
0
0
1	1204278
0
3	1212855	1213908	1217193
2	1213270	1214386
3	1213229	1214244	1217548
2	1212848	1214435
2	1212196	1216611
1	1210141
1	1210592
1	1210510
1	1210168
1	1209548
3	1228271	1264274	1265164
3	1228649	1264515	1265407
3	1228672	1264658	1265504
3	1228194	1264072	1264986
1	1227643
3	1203172	1212059	1218756
3	1203685	1212582	1219215
3	1203525	1212417	1219130
3	1203282	1212185	1218788
1	1202614
4	1178393	1205038	1205911	1214033
5	1178769	1205491	1206301	1214471	1217422
4	1178632	1205402	1206265	1214408
5	1178484	1205081	1205894	1214042	1216946
2	1177768	1204445
3	1197584	1212227	1222146
2	1198040	1222553
2	1197952	1222463
2	1197617	1222187
0
4	1199174	1200982	1208591	1225590
4	1199567	1201442	1209098	1226002
4	1199546	1201370	1208972	1225938
4	1199153	1201003	1208675	1225603
3	1200410	1208623	1224978
3	1204388	1205614	1215904
3	1204710	1205915	1216411
3	1204714	1205715	1218866
4	1204329	1205523	1215980	1218439
1	1203726
0
0
0
0
0
0
0
0
0
0
2	1209919	1214068
2	1210361	1214619
2	1210243	1214478
2	1209994	1214161
1	1213520
4	1166632	1201611	1203398	1210996
3	1166269	1202000	1211507
3	1166628	1201951	1211393
3	1166220	1201615	1211065
2	1165636	1210442
3	1184586	1186427	1219559
2	1184952	1220009
3	1184927	1186995	1219880
2	1184556	1219643
0
3	1219315	1264212	1265325
3	1219660	1264528	1265473
2	1264623	1265447
3	1219271	1264064	1264998
0
2	1208838	1212325
2	1209292	1212745
2	1209151	1212709
3	1190698	1208934	1212303
2	1208236	1211714
0
0
0
0
0
4	1191027	1197446	1208722	1228472
4	1191383	1197866	1209130	1228909
4	1191346	1197779	1209112	1228829
4	1191015	1197488	1208683	1228500
4	1190350	1196842	1208106	1227874
1	1196166
1	1196562
1	1196482
1	1196198
1	1195547
1	1201848
1	1202241
0
1	1201797
0
3	1183481	1207752	1209352
3	1183961	1208199	1209771
3	1183853	1208081	1209724
3	1183541	1207828	1209340
2	1207130	1208743
3	1212814	1214075	1217073
2	1213302	1214557
2	1213207	1214332
3	1212870	1214135	1217143
1	1216410
3	1201788	1202872	1209044
3	1202253	1203494	1210948
3	1202149	1203116	1209422
4	1201843	1203096	1209075	1210606
0
5	1216001	1219821	1227086	1242885	3179951
5	1216373	1220265	1227430	1242965	3179816
5	1216328	1220187	1227443	1243122	3179596
5	1215995	1219854	1227016	1242670	3180143
4	1215367	1219231	1242108	3179076
1	1205159
1	1205618
1	1205556
1	1205184
1	1204532
4	1189530	1190976	1199172	1208619
4	1189928	1191308	1199603	1209026
4	1189872	1191304	1199523	1208985
4	1189534	1191068	1199207	1208614
0
7	1103558	1191338	1193679	1198554	1203540	1210971	1211860
5	1102841	1191675	1194071	1203999	1211447
6	1103210	1191563	1193935	1198952	1203902	1211362
6	1103154	1191399	1193765	1198538	1203576	1211004
2	1193057	1197950
3	1207469	1208351	1229541
3	1207889	1208760	1229966
3	1207817	1208817	1229923
3	1207496	1208497	1229531
1	1228937
2	1204143	1240876
2	1204575	1241347
3	1204532	1205749	1241250
2	1204137	1240918
1	1240287
2	1205010	1222120
2	1205394	1222538
2	1205351	1222491
3	1204992	1206536	1222114
0
4	1190539	1191271	1198147	1208683
3	1190944	1191771	1209144
4	1190820	1192747	1198462	1209093
5	1190613	1191427	1198213	1208694	1210067
1	1197547
1	1188493
1	1188793
1	1188781
1	1188452
1	1187826
6	1188773	1190754	1193361	1226960	1232690	1233453
4	1189356	1191230	1227379	1232821
5	1189107	1193679	1227344	1232941	1233691
4	1188968	1190845	1226938	1232524
4	1192779	1226334	1231934	1233369
1	1211491
1	1211955
1	1211878
1	1211519
1	1210901
5	1204485	1205538	1209008	1216312	1268069
4	1204966	1206028	1216793	1268538
5	1204880	1205919	1216682	1268539	1269886
5	1204524	1205608	1209003	1216388	1268031
1	1208376
4	1194143	1201701	1203374	1208377
5	1194491	1202125	1203816	1208854	1210444
4	1194471	1202087	1203769	1208744
5	1194104	1201675	1203361	1208436	1210003
3	1201094	1202780	1207789
4	1192648	1203746	1207859	1209654
3	1193088	1204163	1208354
4	1193002	1204086	1208239	1210001
3	1192692	1203775	1207923
1	1207292
3	1194917	1202352	1220975
3	1195350	1202796	1221446
3	1195236	1202734	1221360
3	1194984	1202356	1221011
1	1194325
2	1205543	1206262
2	1205886	1206662
2	1205845	1207841
3	1205532	1206535	1209198
1	1204896
2	1198678	1200597
2	1199067	1200994
2	1199014	1200910
2	1198683	1200628
0
5	1192050	1193575	1196455	1205025	1221084
4	1192386	1193910	1205483	1221603
4	1192374	1193902	1205338	1221479
5	1192006	1193552	1196495	1205120	1221164
4	1191400	1195830	1204437	1220530
3	1202730	1209482	1222287
3	1203071	1209926	1222753
3	1202948	1209842	1222656
3	1202806	1209516	1222332
3	1202087	1208886	1221701
5	1186971	1197607	1205343	1209428	1217069
5	1187426	1198047	1205692	1209886	1217573
5	1187325	1197945	1205591	1209800	1217387
5	1187025	1197665	1205393	1209461	1217211
2	1186379	1216506
4	1190272	1191228	1219459	1223265
4	1190691	1191563	1219863	1223608
4	1190619	1191592	1219800	1223619
4	1190289	1191212	1219469	1223200
3	1189656	1218848	1222622
3	1193110	1203047	1210644
3	1193192	1203422	1211115
3	1193248	1203358	1210974
3	1193012	1203055	1210731
3	1192336	1202421	1210057
0
0
0
0
0
2	1263412	1264731
1	1263221
1	1263245
1	1263347
1	1262500
3	1199448	1200434	1207970
3	1199622	1200808	1208432
3	1199714	1200778	1208323
3	1199306	1200415	1208037
0
4	1189572	1190368	1212649	1214726
4	1189871	1190682	1213117	1215397
4	1189713	1190502	1213015	1215269
4	1189688	1190486	1212701	1214972
1	1212069
5	1195662	1197587	1201016	1215321	1226974
4	1196172	1198133	1215856	1227360
5	1195973	1197909	1201378	1215699	1227315
5	1195813	1197732	1203510	1215441	1226964
1	1214758
3	1192647	1202074	1206924
3	1193011	1202535	1207351
4	1192966	1202391	1204955	1207293
3	1192634	1202172	1205074
2	1192011	1206324
4	1182579	1183803	1197533	1198782
4	1182979	1184125	1197843	1200551
4	1182897	1184063	1197782	1198963
5	1182627	1183823	1197544	1198992	1200420
2	1196869	1201570
3	1190320	1192580	1200578
3	1190706	1192974	1201011
2	1190655	1192871
2	1190319	1192636
2	1189697	1191957
3	1201041	1222253	1223702
3	1201486	1222622	1224029
3	1201423	1222583	1223903
3	1201047	1222235	1223783
1	1200442
1	1207921
1	1208376
1	1208220
1	1208040
1	1207891
3	1195963	1202987	3148562
3	1196349	1203399	3149062
3	1196342	1203376	3148711
3	1195945	1202954	3148875
1	1195284
2	1189028	1220825
2	1189462	1221311
2	1189335	1221193
2	1189113	1220897
1	1188430
1	1196751
1	1197211
1	1197102
1	1196819
1	1196168
1	1199913
1	1200348
1	1200277
1	1199938
0
3	1188850	1198740	1221874
3	1189301	1199216	1222279
4	1189209	1190293	1199069	1222210
3	1188890	1198843	1221892
2	1188237	1221260
1	1188146
1	1188595
1	1188478
1	1188217
1	1187555
3	1222966	1224840	1230338
2	1223423	1229842
3	1223341	1225015	1229992
2	1222997	1230136
1	1229279
6	1192127	1193781	1200523	1215397	1218354	1233465
6	1192634	1194275	1200875	1215922	1218896	1233914
7	1192498	1194140	1200868	1215778	1218717	1219423	1233801
6	1192226	1193886	1200476	1215490	1218469	1233529
2	1199877	1232876
1	1214706
1	1215159
1	1215092
1	1214720
1	1214089
1	1201637
1	1202120
1	1202006
1	1201708
0
3	1197940	1213654	1215746
3	1198300	1214185	1216202
3	1198249	1214029	1216103
3	1197938	1213762	1215802
0
2	1203275	1205980
2	1203674	1206545
2	1203613	1206395
2	1203280	1206060
0
0
0
0
0
0
4	1202633	1209794	1218162	1218900
3	1203083	1210318	1218603
4	1202986	1210148	1218502	1219231
4	1202684	1209925	1218213	1218976
1	1217567
3	1201144	1202036	1209081
2	1201499	1202381
3	1201466	1202374	1209437
3	1201125	1201994	1209067
1	1208456
5	1184755	1200148	1202129	1204805	1227996
4	1185084	1200478	1202545	1228380
4	1185061	1200495	1202386	1228317
5	1184730	1200092	1202265	1204018	1228010
2	1184102	1204201
3	1194564	1198550	1212798
3	1194895	1198919	1213178
3	1194844	1198876	1213144
3	1194562	1198550	1212777
1	1212173
3	1204396	1218340	1220447
3	1204863	1218888	1220862
3	1204746	1218733	1220779
3	1204466	1218445	1220485
2	1203815	1219843
1	1220867
1	1221375
1	1221240
1	1220957
1	1220292
3	1187331	1209867	1210668
3	1187760	1210399	1211288
3	1187675	1210255	1210993
3	1187370	1209959	1210760
0
1	1200239
1	1200677
1	1200593
1	1200277
1	1199644
6	1178712	1185796	1204804	1210189	1214768	1219136
6	1179013	1186222	1205319	1210719	1215281	1219538
6	1178955	1186072	1205165	1210561	1215140	1219500
6	1178723	1185906	1204914	1210296	1214857	1219128
5	1178044	1185193	1204228	1209628	1214201
1	1228518
1	1229055
1	1228709
1	1228817
1	1227975
3	1209798	1211326	1216693
2	1210236	1211788
2	1210118	1211683
3	1209868	1211374	1216791
2	1209200	1210743
1	1206985
1	1207527
1	1207335
1	1207130
0
4	1192063	1193049	1200647	1207322
4	1192578	1193577	1201101	1207760
4	1192457	1193491	1200989	1207656
4	1192140	1193266	1200715	1207382
2	1200056	1206700
3	1201616	1211488	2622746
3	1202042	1211894	2623267
3	1202005	1211834	2622618
3	1201600	1211503	2623360
3	1201021	1210878	2622196
2	1219494	1225636
2	1219978	1226097
2	1219884	1225993
2	1219535	1225686
1	1225049
1	1209752
1	1210225
1	1210127
1	1209801
1	1209165
3	1193854	1213505	1225184
3	1194265	1214040	1225743
4	1194204	1213892	1225601	1226693
3	1193858	1213607	1225292
2	1193240	1224642
2	1205227	1208965
2	1205684	1209433
2	1205587	1209336
2	1205275	1208973
1	1204638
0
0
0
0
0
4	1169230	1196992	1198208	1219593
4	1169514	1197369	1198511	1219979
4	1169562	1197302	1198386	1219965
4	1169127	1197009	1198250	1219552
2	1168531	1218971
3	1204176	1205025	1218171
3	1204595	1205434	1218744
3	1204574	1205488	1218565
3	1204152	1205004	1218301
1	1217638
1	1217881
1	1218342
1	1218269
1	1217934
0
3	1203131	1204018	1218742
3	1203574	1204408	1219214
3	1203450	1204430	1219089
3	1203217	1204105	1218816
1	1202533
2	1214913	1215703
2	1215195	1216079
2	1215280	1216155
2	1214768	1215680
1	1214237
2	1216705	1218493
2	1217172	1219001
2	1217057	1218821
2	1216775	1218635
2	1216124	1217933
2	1214969	1267894
2	1215422	1268285
2	1215322	1268327
2	1215021	1267803
2	1214382	1267278
0
0
0
0
0
1	1199922
1	1200306
1	1200297
1	1199875
1	1199298
2	1186248	1186977
2	1186636	1187484
1	1186526
1	1186313
1	1185628
3	1197646	1199967	1215242
3	1198088	1200377	1215655
3	1197977	1200323	1215573
3	1197712	1199958	1215272
2	1199333	1214594
1	1210146
1	1210564
1	1210446
1	1210214
1	1209539
1	1206300
1	1206768
2	1206669	1207752
1	1206351
1	1205714
4	1152472	1190233	1212826	1223413
4	1152760	1190670	1213277	1223770
4	1152537	1190555	1213154	1223819
4	1152650	1190298	1212906	1223309
3	1151801	1189634	1212236
1	1212482
2	1212976	1213690
1	1212907
1	1212501
0
2	1198212	1217844
2	1198617	1218360
2	1198515	1218191
2	1198267	1217967
1	1197597
3	1208049	1213027	1213841
2	1208555	1212364
2	1208449	1212710
2	1208106	1212643
0
5	1192991	1194393	1202594	1208091	1221779
5	1192950	1193765	1203069	1208551	1222259
5	1193184	1194835	1202962	1208438	1222128
4	1192712	1202651	1208160	1221857
3	1192153	1202018	1221204
2	1208416	1215054
2	1208814	1215544
3	1208787	1209815	1215447
2	1208394	1215105
1	1214480
0
0
0
0
0
2	3454102	3455162
2	3454821	3455917
2	3454257	3455191
2	3454628	3455473
1	3453645
0
0
0
0
0
0
0
0
0
0
0
0
0
0
0
1	1247237
1	1247828
1	1247578
1	1247442
1	1246722
0
0
0
0
0
2	1202879	1204509
2	1203311	1204848
2	1203272	1204934
2	1202861	1204501
0
2	1193641	1194543
2	1194111	1194824
2	1194004	1194885
2	1193699	1194493
1	1193027
1	1193092
1	1193492
1	1193470
2	1193058	1194660
1	1192474
4	1229909	1231116	1249313	1250112
4	1230333	1231533	1249780	1250578
4	1230299	1231379	1249770	1250601
4	1229878	1231097	1249281	1250097
0
2	1192751	1193549
2	1193064	1193867
1	1193126
2	1192637	1193452
0
2	1199731	1210495
2	1200197	1210907
2	1200075	1210781
3	1199803	1201173	1210569
2	1199144	1209884
1	1207456
1	1207883
1	1207788
1	1207502
0
0
0
0
0
0
2	3249784	3250600
2	3249191	3250090
2	3249538	3250431
2	3249395	3250467
0
1	1204485
1	1204960
1	1204851
1	1204544
0
0
0
0
0
0
1	1203344
1	1203845
1	1203685
1	1203461
0
2	1210547	1211856
2	1211029	1212350
2	1210923	1212090
2	1210606	1211960
0
0
0
0
0
0
1	1213204
1	1213626
1	1213574
1	1213204
1	1212601
0
0
0
0
0
1	1221477
1	1221879
1	1221836
1	1221459
1	1220851
1	1182285
1	1182736
1	1182599
1	1182372
1	1181696
0
0
0
0
0
0
0
0
0
0
2	1205871	1208648
3	1206372	1209112	1214489
3	1206261	1209013	1212093
4	1205930	1208697	1209541	1214080
3	1205291	1213425	1214767
3	1194790	1199748	1217843
3	1195193	1200210	1218261
3	1195091	1200093	1218144
3	1194843	1199812	1217930
2	1194178	1199165
0
0
0
0
0
6	1189831	1207215	1214819	1215821	1222776	1228990
6	1190260	1207258	1215304	1216182	1223112	1229438
7	1190173	1207438	1215163	1216169	1223060	1229348	1230318
6	1189866	1206979	1214909	1215897	1222769	1229028
3	1206417	1214238	1222119
1	1199718
1	1200115
1	1200067
1	1199716
1	1199104
3	1191323	1192539	1201108
3	1191819	1193019	1201559
3	1191567	1192852	1201511
4	1191570	1192806	1201110	1202265
0
3	1203811	1217107	1219927
3	1204287	1217506	1220445
3	1204201	1217503	1220343
4	1203852	1205428	1217055	1219985
1	1203185
6	1121445	1122422	1163854	1194610	1199481	1200948
4	1120997	1164295	1195067	1199888
5	1121019	1164226	1194962	1199806	1201311
5	1121386	1163869	1194666	1199510	1200983
4	1120402	1163257	1198869	1200353
4	1192933	1194844	1212599	2268568
4	1193409	1194177	1213064	2268587
3	1193293	1212940	2268567
4	1192997	1193744	1212680	2268532
1	1192337
2	1211439	1223941
2	1211895	1224335
2	1211770	1224271
2	1211519	1223960
2	1210854	1223330
0
0
0
0
0
5	1185997	1195290	1210452	1212074	1217571
5	1186391	1195729	1210894	1212581	1218089
5	1186304	1195646	1210746	1212472	1217943
6	1186037	1195328	1210557	1212116	1217690	1221448
3	1185377	1209852	1211518
3	1192953	1197997	1200912
3	1193340	1198448	1201361
3	1193282	1198374	1201277
3	1192952	1198025	1200928
1	1197408
2	1185838	1214933
2	1186215	1215436
2	1186245	1215318
2	1185769	1215006
1	1214370
6	1196736	1198659	1202691	1211262	1214490	1224616
5	1197190	1197938	1211703	1214892	1225063
6	1197089	1198865	1203131	1211621	1214859	1224995
6	1196799	1197534	1202688	1211308	1214471	1224627
0
1	1190510
1	1190919
1	1190800
1	1190595
0
4	1197975	1213512	1218029	1219270
3	1198377	1213944	1218471
4	1198326	1213876	1218406	1219481
3	1197971	1213534	1218044
2	1212911	1217427
1	1196927
1	1197344
1	1197241
1	1196979
1	1196318
1	1205834
1	1206282
1	1206171
1	1205905
0
3	1193971	1195178	1219509
3	1194427	1195597	1219967
3	1194307	1195484	1219836
3	1194044	1195243	1219589
0
3	1182395	1193736	1211339
3	1182853	1194165	1211814
3	1182729	1194055	1211709
3	1182464	1193803	1211372
2	1181789	1193140
4	1158882	1160616	1208313	1210405
4	1158553	1160013	1208788	1210951
4	1158824	1160558	1208662	1211819
4	1158570	1160052	1208397	1210523
0
3	1204241	1208983	1233629
3	1204673	1209412	1233988
3	1204605	1209354	1234027
3	1204259	1208993	1233540
1	1232987
1	1226963
1	1227363
1	1227311
1	1226961
0
2	1222893	1223689
2	1223339	1224154
1	1223291
2	1222890	1223716
1	1222293
3	1185381	1211388	1212540
3	1185836	1211817	1212908
3	1185627	1211782	1212866
3	1185426	1211364	1212542
0
5	1193784	1200048	1210451	1214332	1215589
4	1194235	1200541	1210850	1214776
4	1194161	1200465	1210775	1214721
4	1193811	1200107	1210477	1214344
3	1199444	1209834	1213738
2	1196487	1215847
3	1196894	1216376	1219355
3	1196785	1216173	1219340
3	1196552	1216000	1218894
0
4	1191947	1199795	1201712	1216134
3	1192338	1200215	1216574
3	1192261	1200145	1216488
4	1191974	1199817	1201353	1216168
3	1191327	1199196	1215518
1	1213234
1	1213553
1	1213406
1	1213325
1	1212572
4	1194036	1195022	1202693	1212695
5	1194495	1195419	1203212	1213184	1217852
5	1194367	1195366	1203112	1213052	1217756
5	1194123	1195035	1202735	1212763	1214004
2	1194408	1202134
2	1197780	1212307
2	1198318	1212854
3	1198099	1212744	1214077
2	1197954	1212374
0
2	1199990	1215262
2	1200452	1215654
2	1200360	1215637
2	1200036	1215226
1	1214640
4	1189783	1191228	1209391	1210284
4	1190213	1191661	1209812	1210689
4	1190094	1191481	1209798	1210705
4	1189860	1191324	1209359	1210215
0
5	1159778	1197232	1210851	1215394	1216658
4	1160225	1197675	1211297	1215810
4	1160126	1197579	1211243	1215732
5	1159830	1197303	1210857	1215422	1216917
3	1159186	1196570	1214784
0
0
0
0
0
2	1200409	1210921
2	1200871	1211305
2	1200791	1211276
2	1200439	1210902
2	1199830	1210284
2	1195334	1213407
2	1195729	1213835
3	1195656	1213762	1214814
2	1195362	1213434
2	1194706	1212808
1	1199120
1	1199211
1	1199449
1	1198829
0
2	1198313	1222049
2	1198737	1222543
2	1198588	1222359
2	1198416	1222187
2	1197712	1221476
1	1202788
1	1203193
1	1203139
1	1202790
0
2	1215295	1223067
2	1215729	1223476
2	1215627	1223434
3	1215345	1216812	1223055
1	1222456
2	1208550	1221108
2	1209030	1221521
1	1221440
2	1208592	1221145
0
3	1187514	1199856	1210202
3	1187923	1200390	1210678
3	1187810	1200261	1210587
3	1187582	1199939	1210241
2	1186904	1209626
0
0
0
0
0
0
0
0
0
0
5	1169762	1192226	1196726	1197999	1201341
4	1170054	1192578	1197133	1201736
4	1170092	1192556	1197077	1203489
5	1169672	1192192	1196725	1197836	1201312
2	1191585	1196114
2	1200596	1203887
2	1201017	1204075
2	1200900	1202092
2	1200672	1202119
1	1199987
0
0
0
0
0
2	1196053	1222396
2	1196481	1222873
2	1196385	1222752
2	1196102	1222471
1	1221809
4	1201494	1204953	1205828	1209650
3	1201884	1205435	1210147
3	1201836	1205362	1210039
4	1201487	1204983	1205837	1209717
2	1204383	1209068
5	1201613	1205618	1213759	1221435	1225746
5	1202160	1206111	1214218	1221928	1226201
4	1202018	1206018	1214126	1221788
5	1201703	1205670	1213811	1221528	1225796
4	1201072	1205054	1220866	1225160
2	1188645	1193032
3	1188941	1193493	1196056
3	1188982	1193242	1195736
3	1188554	1193232	1194395
0
3	1198915	1202511	1213784
3	1199352	1202904	1214288
3	1199284	1202755	1214143
3	1198954	1202613	1213889
1	1201892
2	1197006	1201455
2	1197406	1201952
2	1197336	1201853
2	1197028	1201498
0
2	1184409	1200251
2	1184177	1200747
2	1184483	1200549
2	1184064	1200399
0
1	1237243
1	1237581
1	1237633
1	1237148
0
4	1192879	1197169	1203936	1209038
4	1193323	1197672	1204435	1209554
4	1193179	1197504	1204283	1209424
4	1192975	1197291	1204036	1209145
0
4	1202887	1211797	1213037	1234754
5	1203285	1212261	1213439	1214214	1235168
5	1203236	1212126	1213316	1214002	1235108
4	1202893	1211895	1213179	1234622
1	1202238
3	1186510	1200944	1209061
3	1186826	1201437	1209499
3	1186828	1201299	1209450
3	1186455	1201031	1209058
1	1185852
3	1199525	1200516	1219074
3	1200000	1200932	1219494
3	1199915	1200925	1219452
3	1199555	1200534	1219066
1	1218469
4	1187004	1212750	1218388	1220160
3	1187494	1213279	1218875
4	1187319	1188545	1213147	1214208
4	1187130	1212833	1218438	1220202
2	1186426	1212196
4	1178515	1204569	1209322	1214806
4	1178919	1204910	1209788	1215223
4	1178853	1204893	1209708	1215153
4	1178535	1204528	1209353	1214833
2	1177898	1203919
3	1205759	1209538	1214406
3	1206169	1210085	1214966
3	1206074	1209946	1214811
3	1205802	1209633	1214517
2	1205149	1213879
3	1196232	1213780	1214951
3	1196605	1214167	1215423
3	1196593	1214129	1215309
3	1196200	1213758	1215010
1	1214395
1	1197998
1	1198399
1	1198304
1	1198047
1	1197382
2	1200223	1202209
2	1200659	1202657
2	1200552	1202581
2	1200291	1202243
1	1199624
4	1194506	1195596	1220014	1221789
4	1194773	1195744	1220465	1221905
4	1194732	1195879	1220378	1221858
4	1194494	1195621	1220046	1221552
0
2	1201131	1207074
2	1201542	1207557
2	1201469	1207471
2	1201152	1207144
0
3	1205290	1209105	1219914
3	1205806	1209588	1220367
3	1205663	1209489	1220242
3	1205382	1209154	1219989
2	1204732	1208530
4	1195859	1212350	1216262	1219068
3	1196215	1212814	1216676
4	1196206	1212712	1216644	1219428
4	1195817	1212396	1216243	1217720
1	1195219
4	1199206	1200368	1203968	1219503
3	1199688	1200735	1219993
3	1199568	1200517	1219869
4	1199282	1200394	1204028	1219580
2	1203370	1218930
4	1203200	1204102	1213828	1214543
3	1203639	1204343	1214283
2	1203528	1214211
3	1203263	1204705	1213851
1	1202591
5	1206201	1212967	1229117	1242804	1245031
5	1206596	1212833	1229467	1243254	1244020
4	1206538	1213128	1229493	1243193
5	1206204	1212630	1229041	1242810	1243577
1	1212089
3	1193475	1194315	1216291
3	1193870	1194621	1216727
4	1193825	1194652	1216675	1217689
3	1193461	1194911	1216289
1	1215671
4	1192843	1195283	1206656	1213319
4	1193310	1195725	1207117	1213778
4	1193137	1195588	1207070	1213656
4	1192973	1195425	1206644	1213407
1	1206065
4	1195744	1196570	1207087	1228089
4	1196167	1197013	1207503	1228399
4	1196084	1196847	1207455	1228395
4	1195782	1196608	1207079	1228041
2	1195138	1206478
7	1180421	1182025	1191494	1192598	1197053	1201754	1206882
6	1180678	1182255	1191967	1198908	1203701	1207343
7	1180708	1182808	1191824	1197359	1202131	1207259	1209920
6	1180354	1181948	1191594	1197071	1198575	1203247
2	1201132	1206299
1	1211071
1	1211580
1	1211460
1	1211148
1	1210511
1	1214417
2	1214944	1216617
1	1214817
1	1214508
0
1	1232345
1	1232797
1	1232728
1	1232347
0
2	1212278	1222367
2	1212757	1222816
2	1212678	1222694
2	1212302	1222443
1	1221779
2	1205096	1234296
2	1205558	1234574
2	1205486	1234663
2	1205119	1234152
1	1233614
4	1187030	1187949	1198721	1225344
4	1187402	1188165	1199178	1225731
4	1187282	1188330	1199091	1225733
4	1187111	1188498	1198753	1225289
3	1186396	1198132	1224718
3	1203301	1204171	1219872
3	1203737	1205158	1220348
3	1203681	1204509	1220279
3	1203301	1204735	1219889
1	1219297
1	1191034
0
0
1	1191075
0
2	1205756	1226380
2	1206199	1226721
2	1206123	1226697
2	1205782	1226348
1	1225730
2	1201759	1206738
2	1202250	1207113
2	1202134	1207047
2	1201831	1206757
1	1206088
8	1193754	1195273	1199246	1206440	1212474	1229169	1243051	1244004
6	1194198	1195741	1206848	1212905	1243402	1244316
6	1194108	1195663	1206800	1212832	1243450	1244355
7	1193793	1195343	1199276	1206440	1212492	1242956	1243889
2	1198661	1205829
3	1183871	1184663	1207090
3	1183643	1184406	1207539
3	1183988	1184847	1207430
3	1183478	1184399	1207153
1	1206500
2	1207659	1208623
1	1208179
2	1208034	1209111
2	1207755	1208824
0
2	1191008	1197572
2	1191377	1197931
2	1191321	1197873
2	1191012	1197579
1	1190378
2	1206853	1214512
2	1207283	1214938
2	1207232	1214838
2	1206857	1214561
1	1213910
3	1208360	1211740	1216314
3	1208769	1212215	1216667
3	1208704	1212119	1216628
3	1208366	1211788	1216298
2	1207746	1211160
4	1200908	1202187	1206558	1208145
2	1201325	1202447
2	1201254	1202353
3	1200932	1202471	1206603
1	1200297
5	1165487	1181062	1182016	1197009	1236693
5	1165889	1181532	1182597	1197411	1237049
6	1165739	1181404	1182375	1185132	1197348	1237070
5	1165593	1181144	1182579	1197018	1236622
2	1184246	1196392
4	1189446	1206568	1217912	1218967
4	1189827	1207037	1218349	1219495
4	1189813	1206994	1218254	1219221
4	1189407	1206555	1217954	1219136
0
4	1200045	1207522	1215079	1215963
3	1200519	1207933	1215589
4	1200331	1207779	1215456	1216314
4	1200190	1207616	1215163	1216015
0
2	1207143	2306175
2	1207656	2306695
1	1207511
1	1207245
1	1206589
4	1192052	1195707	1197580	1203903
3	1192453	1196143	1204304
3	1192361	1196047	1204239
3	1192104	1195748	1203919
1	1203291
2	1206355	1207316
2	1206764	1207634
2	1206672	1207559
2	1206396	1207389
1	1205729
2	1189240	1234974
3	1189580	1235337	1236877
3	1189551	1235345	1237921
3	1189216	1234910	1236480
1	1188562
1	1215242
1	1215710
1	1215630
1	1215267
1	1214661
1	1209656
0
0
0
0
3	1195260	1200708	1202219
3	1195578	1201043	1202636
3	1195556	1200997	1202635
3	1195229	1200702	1202182
3	1194600	1200060	1201611
5	1187493	1188448	1196808	1209632	1213466
5	1187883	1188786	1197156	1210044	1213861
4	1187767	1188683	1197155	1210005
5	1187556	1188528	1196759	1209623	1213470
2	1196163	1209021
2	1210479	1211555
2	1210906	1212023
2	1210862	1211895
2	1210479	1211607
1	1210190
2	1201531	1220278
2	1202031	1220637
2	1201887	1220516
2	1201626	1220347
2	1200949	1219641
2	1186265	1214482
2	1186646	1214998
2	1186616	1214846
2	1186245	1214587
2	1185644	1213928
4	1206969	1208075	1215641	1226545
4	1207411	1208568	1216150	1227060
4	1207308	1208463	1216025	1226607
4	1207023	1208132	1215721	1226957
3	1206368	1215084	1225988
4	1206412	1208232	1212187	1224003
3	1206864	1208600	1224437
3	1206777	1208581	1224358
4	1206448	1208193	1212294	1224026
3	1207600	1211621	1223400
1	1203892
1	1204360
1	1204285
1	1203910
0
4	1190912	1192540	1223822	1224742
4	1191267	1192878	1224273	1225071
3	1191185	1224217	1225200
4	1190943	1192446	1223834	1224637
1	1223234
1	1209953
1	1210323
2	1210250	1211352
2	1209969	1211492
1	1209286
3	1192978	1200246	1212040
3	1200706	1212510	1213774
3	1200615	1212413	1213620
3	1200291	1212089	1213431
1	1199660
1	1213389
1	1213831
1	1213796
1	1213379
0
2	1193494	1204144
2	1193930	1204529
2	1193830	1204465
2	1193548	1204157
1	1192897
3	1208684	1216926	5832138
3	1208993	1217327	5831344
2	1217260	5831647
3	1208622	1216937	5831806
0
4	1203304	1211561	1225854	1309591
5	1203788	1212009	1226340	1309685	1310756
5	1203688	1211882	1226209	1309381	1310301
5	1203357	1211640	1225937	1309862	1310705
4	1202719	1210966	1225282	1308825
4	1174614	1200539	1208983	1211764
4	1174467	1200932	1209462	1210910
4	1174701	1200879	1209325	1212007
4	1174338	1200543	1209082	1210523
2	1173727	1199916
5	1216504	1219594	1221470	1226768	1235423
4	1216853	1219923	1227121	1235837
4	1216831	1217849	1227144	1235842
4	1216464	1219529	1226688	1235371
5	1215851	1218928	1220862	1226123	1234817
3	1191475	1192518	1202722
3	1191925	1192977	1203118
3	1191809	1192892	1203044
3	1191546	1192604	1202747
1	1202107
2	1193289	1213199
2	1193664	1213658
2	1193634	1213587
2	1193265	1213229
2	1192658	1212591
2	1192970	1228459
2	1193411	1228669
2	1193302	1228630
2	1193033	1228441
2	1192371	1227746
1	1216563
1	1217025
1	1216950
1	1216586
0
2	1198725	1216410
2	1199151	1216905
2	1199002	1216711
2	1198824	1216559
2	1198124	1215843
4	1187581	1203661	1211963	1224783
5	1187966	1204084	1204899	1212349	1225217
5	1187921	1204014	1205032	1212290	1225150
4	1187580	1203674	1211972	1224792
3	1186959	1203060	1211338
2	1206440	1209170
1	1206874
1	1206773
1	1206485
0
2	1210110	1215552
2	1210620	1216041
2	1210466	1215935
2	1210213	1215617
0
2	1180841	1181955
2	1181254	1182392
2	1181187	1182285
1	1180862
0
3	1200001	1210327	1225828
4	1200448	1210779	1211536	1226283
4	1200399	1210709	1211710	1226187
4	1200005	1210344	1211090	1225882
3	1199386	1209736	1225238
2	1194426	1202345
2	1194929	1202792
2	1194818	1202713
2	1194485	1202367
1	1193861
4	1185086	1193602	1199169	1208498
4	1185362	1193892	1199605	1208935
4	1185313	1193962	1199509	1208850
4	1185082	1193482	1199224	1208520
3	1184402	1192929	1198577
5	1195323	1201514	1210344	1211222	1215821
4	1195731	1201903	1210783	1216362
4	1195670	1201900	1210705	1216265
5	1195332	1201459	1210385	1211243	1215992
1	1200887
2	1196779	1215140
2	1197186	1215602
2	1197101	1215490
2	1196810	1215194
1	1214781
3	1193872	1205967	1206851
2	1194267	1206436
3	1194186	1206324	1207343
3	1193906	1206024	1207046
1	1193255
3	1209629	1210694	1214286
2	1210039	1211067
2	1210024	1210990
2	1209595	1214290
1	1209019
4	1198930	1205086	1213195	1221993
4	1199355	1205544	1213644	1222521
4	1199246	1205482	1213504	1222344
4	1198991	1205093	1213286	1222122
3	1198325	1212600	1221413
4	1200133	1201697	1214933	1215970
3	1200594	1202130	1215399
4	1200494	1202034	1215313	1216354
4	1200185	1201733	1214979	1216063
1	1199552
5	1197534	1198333	1215565	1216680	1241103
6	1196879	1197709	1201829	1215942	1216657	1241513
6	1197191	1198039	1202154	1215863	1216897	1241481
5	1197189	1198159	1215595	1216403	1241081
0
5	1199595	1206822	1207598	1222115	1223503
4	1207317	1208060	1222435	1225737
3	1207994	1222439	1223840
3	1206926	1222065	1223495
1	1224778
2	1210259	1211728
2	1210759	1212239
2	1210613	1212092
2	1210361	1211852
0
4	1177695	1194531	1206955	1210649
4	1178036	1194970	1207432	1211110
5	1178094	1194875	1195948	1207338	1211026
4	1177587	1194580	1207003	1210675
3	1177049	1193934	1210068
7	1190266	1191476	1199554	1205220	1211524	1216002	1217829
6	1190634	1191824	1199983	1205773	1212028	1216436
6	1190533	1191748	1199834	1205601	1211899	1216338
6	1190320	1191567	1199652	1201944	1211604	1216057
5	1189641	1198957	1204686	1210954	1215403
4	1202028	1203183	1208569	1221986
4	1202388	1209044	1222404	1224382
5	1202375	1203413	1208959	1213111	1222342
5	1201991	1208609	1209754	1210750	1222003
2	1201391	1212127
5	1194197	1197049	1209629	1211434	1214716
4	1194567	1197449	1210102	1211943
5	1194496	1197355	1210001	1211834	1215071
4	1194221	1197072	1209680	1211487
4	1193541	1196432	1209051	1210852
1	1222265
1	1222651
1	1222680
1	1222186
0
2	194807	1200950
2	194629	1201325
2	194432	1201277
2	194974	1200946
2	193907	1200319
1	1213234
1	1213748
1	1213608
1	1213331
1	1212675
4	1190099	1197830	1199056	1217407
4	1190525	1198221	1199394	1217955
4	1190406	1198122	1199304	1217788
4	1190173	1197882	1199185	1217525
0
2	1216279	3842561
2	1216760	3842965
2	1216623	3842633
2	1216367	3842848
1	1215702
4	1197195	1203136	1203998	1210980
3	1197613	1203364	1211495
4	1197508	1203406	1204289	1211334
4	1197258	1203047	1204062	1211090
2	1196570	1210412
5	1191631	1204370	1208613	1216885	1221062
4	1192041	1204735	1209000	1217341
5	1191943	1204717	1209000	1217277	1221419
5	1191684	1204329	1208552	1216904	1221112
4	1191024	1203728	1207990	1220475
5	1186028	1194393	1206406	1214497	1215367
5	1186471	1194809	1206876	1215049	1215812
5	1186311	1194677	1206758	1214922	1215830
5	1186138	1194477	1206480	1214572	1215455
2	1185434	1193782
4	1203867	1204803	1213262	1219924
5	1204228	1205104	1213640	1220358	1222692
4	1204235	1205162	1213590	1220370
5	1203806	1204700	1213259	1219860	1222316
3	1203229	1219326	1221668
1	1211900
1	1212371
1	1212228
1	1211997
0
3	1203424	1207578	1208715
2	1203878	1208010
3	1203804	1207914	1209001
2	1203448	1207619
2	1202835	1206974
2	1199448	1207298
2	1199936	1207727
2	1199757	1207643
2	1199584	1207341
0
1	1228425
1	1228892
2	1228802	1229812
1	1228463
1	1227840
2	1218505	1219657
2	1219037	1220176
2	1218838	1220043
2	1218656	1219875
0
2	1196108	1205695
2	1196526	1206146
2	1196475	1206062
2	1196100	1205727
1	1205093
1	1216972
1	1217511
1	1217334
1	1217100
1	1216429
4	1207049	1211769	1213105	1356963
4	1207568	1213693	1216818	1356151
4	1207465	1212165	1213590	1356936
5	1207094	1211853	1213324	1216399	1356130
3	1206483	1215783	1355743
5	1189277	1205972	1228101	1229845	1234242
5	1189614	1206407	1228587	1230255	1234900
5	1189594	1206306	1228561	1230341	1234727
5	1189241	1206039	1228072	1229798	1234424
1	1188625
4	1205395	1206124	1214525	1220330
4	1205877	1206619	1214895	1220690
4	1205806	1207383	1214876	1220711
4	1205421	1206184	1214490	1220251
0
0
0
0
0
0
1	1228760
1	1229092
1	1229098
1	1228698
0
1	1204860
1	1205304
2	1205247	1206248
1	1204871
0
3	1211074	1212284	1230797
3	1211491	1212736	1231229
3	1211392	1212625	1231234
3	1211128	1212323	1230749
3	1210468	1211701	1230200
2	1209930	1213685
2	1210333	1214128
2	1210252	1214041
2	1209961	1213706
1	1209315
3	1189095	1194524	1200779
3	1189442	1194991	1201207
3	1189436	1194900	1201128
4	1189037	1190519	1194569	1200804
3	1188444	1193943	1200174
5	1199199	1201136	1203248	1206179	1216345
4	1199648	1203789	1216822	1217592
4	1199577	1203658	1206296	1216665
5	1199216	1203328	1206505	1216451	1217221
1	1202706
3	1202072	1212388	1215600
3	1202502	1212871	1216019
3	1202460	1212738	1215900
3	1202063	1212477	1215662
1	1211801
3	1202822	1212217	1213421
4	1203338	1204973	1212725	1213978
3	1203165	1205934	1212564
3	1202906	1204498	1212334
2	1202225	1211654
3	1189183	1190998	1199442
3	1189557	1191338	1199809
3	1189516	1191063	1199847
3	1189170	1190764	1199361
2	1190358	1198813
1	1213556
1	1213995
1	1213887
1	1213613
0
3	1209156	1210171	1218708
3	1209614	1210436	1219185
3	1209497	1210393	1219097
3	1209227	1210312	1218743
2	1208569	1218129
4	1152660	1196116	1200208	1207247
4	1152924	1196551	1200648	1207695
4	1152716	1196437	1200493	1207584
4	1152823	1196185	1200314	1207316
2	1199608	1206662
0
0
0
0
0
2	1217352	1222118
2	1217815	1222524
2	1217659	1218845
2	1217463	1218875
0
1	1203801
1	1204321
1	1204138
1	1203948
0
3	1188220	1208697	1209654
3	1188647	1209262	1210159
3	1188478	1209077	1211083
3	1188353	1208867	1209781
2	1187583	1208171
4	1207170	1210522	1212873	1214070
2	1207574	1210927
3	1207506	1210832	1214554
2	1207174	1209309
1	1207077
4	1204429	1205583	1216229	1217994
3	1204824	1205961	1216613
4	1204771	1205832	1216538	1217771
3	1204434	1205568	1216261
1	1203805
1	1190281
1	1190722
1	1190642
1	1190309
1	1189691
3	1191891	1195222	1225000
3	1192325	1195709	1225375
3	1192127	1195526	1225340
3	1192036	1195348	1224979
3	1191291	1194642	1224340
1	1226500
1	1226988
1	1226847
2	1226592	1228005
1	1225911
1	1205824
1	1206252
1	1206126
1	1205901
1	1205218
1	1209765
1	1210224
1	1210127
1	1209814
0
1	1215039
1	1215580
1	1215443
1	1215127
0
2	1205650	1215134
2	1206176	1215587
2	1206037	1215513
2	1205738	1215137
0
1	1204485
2	1204923	1206530
1	1204839
2	1204525	1206057
0
6	1201986	1202784	1207555	1212017	1218004	1225713
5	1202369	1203215	1207988	1218448	1226116
6	1202293	1203046	1207955	1212459	1218362	1226045
5	1202010	1202781	1218045	1225734	1226736
1	1217401
2	1194140	1203117
2	1194579	1203471
2	1194481	1203493
2	1194193	1203047
2	1193542	1202477
2	1202059	1208854
2	1202467	1209296
2	1202410	1209208
2	1202066	1208877
0
1	1211059
1	1211604
1	1211429
1	1211177
0
1	1192749
1	1193068
1	1193077
1	1192694
1	1192047
1	1195329
1	1195759
1	1195635
1	1195412
0
2	1208001	1226183
2	1208463	1226559
2	1208364	1226558
2	1208049	1226126
1	1207419
0
0
0
0
0
3	1211846	1213729	1216615
2	1212332	1214144
2	1212216	1214052
3	1211914	1213769	1216709
2	1211272	1213111
2	1217936	1231934
2	1218449	1232263
2	1218269	1232232
2	1218070	1231917
1	1217379
3	1209625	1210522	1217553
3	1210097	1210965	1218006
3	1210016	1210942	1217861
3	1209642	1210548	1217659
1	1216966
1	1199525
1	1199254
1	1199668
1	1199064
0
2	1199377	1205086
2	1199724	1205529
2	1199733	1205413
2	1199316	1205158
1	1198733
2	1173626	1202378
2	1174015	1202798
3	1173995	1202708	1203812
2	1173596	1202423
1	1201767
0
0
0
0
0
0
0
0
0
0
3	1215047	1216276	1221273
2	1215483	1216777
2	1215424	1221670
3	1215060	1216559	1221328
1	1214402
4	1198546	1200623	1206084	1219714
3	1199005	1201103	1220190
4	1198856	1200977	1206423	1220045
4	1198650	1200710	1206192	1219814
3	1197960	1200052	1219134
4	1191593	1201461	1202741	1210802
4	1192037	1201888	1203189	1211092
4	1191891	1201810	1203006	1211164
4	1191697	1201490	1202831	1210680
1	1191002
0
0
0
0
0
1	1200135
1	1200466
1	1200463
1	1200086
0
5	1174867	1181018	1181996	1191613	1219121
5	1174999	1181423	1186015	1192108	1219490
6	1174892	1181273	1182234	1185968	1191939	1219468
5	1174933	1181121	1185612	1191742	1219087
1	1184999
3	1190942	1196393	1226635
3	1191330	1196680	1226965
3	1191261	1196645	1226953
3	1190959	1196370	1226594
2	1195717	1225976
4	1192765	1195009	1199893	1207494
4	1193166	1195386	1200164	1208025
4	1193093	1195361	1200107	1207902
4	1192790	1194995	1199881	1207566
2	1194382	1199206
0
0
0
0
0
0
0
0
0
0
3	1129107	1194876	1215473
3	1129183	1195296	1215948
4	1129350	1195205	1215844	1216959
3	1128887	1194923	1215540
2	1194273	1214854
4	1192300	1203336	1205809	1239553
4	1192731	1203774	1206265	1239910
4	1192612	1203658	1206069	1239918
4	1192367	1203400	1205959	1239492
2	1191699	1205227
2	1195295	1206919
2	1195709	1207380
2	1195640	1207306
2	1195316	1206952
1	1206640
3	1196058	1222444	1224680
3	1196431	1222901	1225096
3	1196332	1222777	1224912
3	1196111	1222525	1224832
1	1195408
2	1181660	1212255
2	1181983	1212801
2	1182042	1212612
2	1181546	1212393
1	1211715
3	1196797	1216509	1251398
3	1197214	1216908	1252149
4	1197090	1198267	1216877	1251732
3	1196880	1216488	1251768
1	1250957
3	1190423	1192077	1213683
3	1190775	1192432	1214161
3	1190754	1192370	1214081
3	1190393	1192004	1213712
1	1213094
2	1189038	1199424
2	1189429	1199857
2	1189292	1199772
2	1189127	1199459
2	1188402	1198823
3	1224253	1225361	2301551
3	1224607	1225640	2302140
3	1224605	1225615	2301616
3	1224203	1225321	2302035
0
2	1207403	1220241
2	1207935	1220592
2	1207836	1220442
2	1207452	1220338
1	1219598
4	1202498	1211366	1216214	1217345
3	1202878	1211881	1216696
4	1202834	1211756	1216576	1217691
3	1202488	1211443	1216292
2	1210808	1215644
0
0
0
0
0
1	1203033
1	1203544
1	1203427
1	1203099
1	1202454
0
0
0
0
0
3	1192202	1199393	1211219
3	1192631	1199816	1211701
4	1192567	1199740	1200829	1211587
4	1192214	1193782	1199424	1211288
3	1191593	1198787	1210646
7	1133321	1184772	1188790	1190030	1230910	1247487	1249918
6	1133300	1185085	1189161	1231319	1247643	1250093
7	1132975	1184977	1189095	1190227	1231284	1247775	1250215
6	1133609	1184831	1188830	1230890	1247295	1249770
2	1132498	1230299
4	1194254	1195436	1215695	1224762
4	1194652	1195794	1216169	1225218
4	1194606	1195633	1216064	1225104
4	1194237	1195518	1215749	1224826
1	1196754
3	1191725	1193570	1212941
3	1192084	1193973	1213350
3	1192032	1193905	1213291
3	1191722	1193587	1212954
3	1191087	1192950	1212327
2	1225064	1226337
2	1225528	1226845
2	1225486	1226648
2	1225052	1226278
0
3	1202495	1206349	1246847
3	1202944	1206743	1247272
3	1202784	1204045	1247204
3	1202603	1206439	1246870
2	1201895	1205730
3	1208065	1216466	1286305
3	1208391	1216952	1286407
4	1208423	1209378	1216849	1286636
3	1207983	1216522	1286017
2	1215894	1285518
2	1196087	1207397
2	1196509	1207869
1	1207735
2	1196156	1207483
0
2	1224527	1225935
2	1224993	1226491
2	1224888	1226289
2	1224575	1226108
0
0
0
0
0
0
3	1206767	1224878	1226788
2	1207287	1225281
2	1207156	1225261
2	1206849	1224848
1	1206211
1	1205513
1	1205961
1	1205899
1	1205515
0
2	1209547	1212079
2	1209999	1212312
2	1209894	1212436
2	1209597	1211904
0
5	1179104	1183110	1191047	1209377	1210335
5	1179367	1183342	1191510	1209946	1210845
5	1179235	1183242	1191348	1209574	1210496
5	1179184	1183327	1191176	1209707	1210789
3	1178416	1190465	1208847
4	1195497	1200839	1202754	1225282
3	1195911	1201259	1225735
4	1195830	1201201	1203107	1225665
4	1195529	1200836	1202762	1225312
2	1194887	1202130
2	1184420	1229311
2	1184782	1229798
3	1184742	1229632	1230806
3	1184412	1229437	1230845
2	1183773	1228735
2	1160093	1217426
3	1160546	1217863	1219220
3	1160024	1217755	1220386
3	1160579	1217487	1218983
2	1159498	1216810
3	1160719	1205868	1211744
3	1160545	1206393	1212181
3	1160796	1206202	1212095
3	1160433	1206013	1211786
3	1159820	1205317	1211151
4	1200132	1201490	1222204	1223602
4	1200508	1201817	1222623	1224009
4	1200432	1201667	1222522	1223922
4	1200160	1201389	1222255	1223664
3	1199505	1200830	1221599
3	1213423	1214427	1225948
3	1213896	1214826	1226413
3	1213753	1214721	1226285
4	1213520	1214537	1226035	1227508
1	1212845
4	1191101	1204502	1205896	1218192
4	1191376	1204941	1206340	1218689
4	1191418	1204860	1206040	1218538
4	1191007	1204537	1205970	1218301
2	1203909	1205309
1	1181962
1	1182355
1	1182334
1	1181925
0
1	1201457
1	1201873
1	1201825
1	1201450
1	1200848
1	1205235
1	1205621
1	1205569
1	1205231
1	1204610
6	1198752	1200529	1204704	1207482	1219635	1227271
5	1199092	1199900	1205165	1220034	1227679
4	1199173	1205064	1219968	1227621
6	1198617	1199461	1204759	1207455	1219651	1227273
2	1206856	1226654
2	1192296	1214664
2	1192724	1214557
3	1192629	1193752	1214834
2	1192342	1214330
1	1191691
4	1201034	1202171	1207202	1221027
4	1201467	1207638	1208949	1221419
4	1201412	1202419	1207537	1221401
4	1201038	1207249	1208552	1220991
1	1206607
2	1180271	1192619
2	1180524	1192988
2	1180459	1192921
2	1180278	1192634
0
1	1267196
1	1267788
2	1267614	1268714
1	1267316
1	1266678
0
0
0
0
0
4	1209185	1216389	1217329	1227011
4	1209666	1216883	1217806	1227449
4	1209552	1216756	1217606	1227357
4	1209252	1216468	1217573	1227043
1	1216079
0
0
0
0
0
3	1191016	1192219	1221695
3	1191412	1192590	1222155
3	1191358	1192477	1222051
3	1191024	1192427	1221751
2	1192560	1221112
4	1160187	1161407	1204974	1230677
3	1159893	1205431	1231034
3	1160039	1205358	1230954
3	1160000	1205004	1230702
2	1159199	1204393
4	1200220	1202921	1206904	1215865
5	1200727	1203335	1210825	1216315	1219355
4	1200612	1203275	1207285	1216199
6	1200287	1202922	1206932	1210386	1215939	1218933
5	1199632	1206322	1209789	1215237	1218331
7	1192157	1196879	1197765	1198747	1207839	1228030	1228938
7	1192669	1197323	1208265	1212506	1214672	1228462	1229273
6	1192491	1197256	1208207	1212363	1228405	1229377
8	1192289	1196894	1197739	1207845	1212105	1214743	1228030	1228829
2	1207233	1213783
0
0
0
0
0
0
0
0
0
0
3	1206832	1211938	1225197
3	1207357	1212391	1225638
3	1207228	1212292	1225541
3	1206912	1211990	1225245
1	1224602
2	1200408	1217700
2	1200808	1218207
2	1200759	1218020
2	1200403	1217846
1	1199689
4	1168782	1201233	1211004	1216127
3	1169125	1201640	1216569
3	1168875	1201586	1216498
4	1169001	1201237	1211059	1216150
2	1168129	1200621
0
0
0
0
0
1	1195278
1	1195636
1	1195638
1	1195227
0
0
0
0
0
0
5	1195265	1205786	1208551	1225158	1226398
5	1195621	1206211	1208803	1225576	1226889
5	1195594	1206170	1208867	1225557	1226779
5	1195240	1205774	1208446	1225133	1226805
2	1194622	1205183
0
0
0
0
0
3	1190875	1213819	1235831
3	1191315	1214269	1236174
3	1191219	1214158	1236194
3	1190920	1213886	1235777
0
4	1194398	1212384	1221340	1222845
4	1194807	1212810	1221858	1223319
4	1194706	1212750	1221678	1223192
4	1194450	1212397	1221465	1222923
3	1211782	1220781	1222263
0
0
0
0
0
4	1191197	1196115	1199261	1219409
4	1191617	1196494	1199719	1219886
4	1191538	1196459	1199636	1219790
4	1191232	1196085	1199296	1219451
1	1218830
4	1193266	1199056	1200442	1205766
2	1193598	1199461
4	1193585	1199382	1200780	1206101
4	1193232	1199088	1200530	1205708
0
2	1184002	1210682
2	1184446	1211149
2	1184226	1211095
2	1184177	1210689
0
1	1241405
1	1241749
1	1241785
1	1241318
0
1	1211737
1	1212152
1	1212130
1	1211699
1	1211117
3	1214666	1215685	1233040
3	1215099	1216005	1233758
3	1215001	1216050	1233512
3	1214709	1215771	1233237
1	1232581
1	1223116
1	1223507
1	1223452
1	1223120
0
2	1212736	1214246
2	1213187	1214727
2	1213065	1214651
2	1212813	1214272
1	1213672
6	424560	1119055	1205802	1206854	1223472	1224194
5	424437	1118538	1206289	1207217	1223950
7	424679	425672	1118736	1206190	1207257	1223886	1224630
6	424283	1118817	1205853	1206972	1223488	1224942
3	423673	1117986	1205216
2	1216794	1217786
2	1217232	1218200
2	1217173	1218193
2	1216802	1217933
1	1216190
2	1211963	1215449
2	1212407	1215759
3	1212225	1215724	1216776
2	1212095	1215417
1	1211364
3	1193771	1209743	1210495
3	1194158	1210183	1210936
3	1194071	1210086	1210829
3	1193808	1209795	1210541
1	1193149
0
0
0
0
0
3	1189502	1195987	1214729
3	1189814	1196351	1215104
3	1189814	1196316	1215021
3	1189457	1195992	1214764
1	1214098
5	1185096	1187799	1201785	1261545	1262825
5	1185416	1188140	1202206	1261293	1262762
4	1185378	1188030	1202125	1261187
4	1185082	1187867	1201813	1261624
2	1184431	1187150
4	1203313	1204173	1208990	1225103
3	1203733	1209420	1225491
4	1203658	1204408	1209369	1225423
3	1203338	1204349	1225130
2	1202970	1208389
1	1206318
1	1206783
1	1206671
1	1206386
0
2	1193374	1203041
2	1193762	1203463
2	1193750	1203369
2	1193328	1203085
1	1202416
0
0
0
0
0
6	1195044	1200356	1208463	1209335	1220269	1224446
5	1195462	1200794	1208873	1220691	1224897
6	1195379	1200717	1208810	1209670	1220632	1224778
5	1195078	1200379	1208473	1220277	1224509
2	1199721	1207851
2	1230764	1231504
2	1231152	1231985
1	1231071
2	1230795	1231624
1	1230138
1	1203858
0
0
1	1203853
0
1	1182262
1	1182779
1	1182507
1	1182494
1	1181706
5	1183158	1184408	1193721	1201018	1223367
5	1183533	1184862	1194099	1201433	1223594
6	1183463	1184586	1194015	1201381	1203438	1223609
5	1183182	1184522	1193761	1201021	1223298
1	1200410
6	1181897	1182812	1194858	1197607	1202409	1234173
5	1182342	1183206	1195230	1201727	1234042
6	1182204	1182966	1195159	1197899	1201164	1233924
6	1181999	1182938	1194872	1197660	1202435	1234260
5	1181273	1194210	1200675	1202112	1233299
1	1192637
1	1192987
1	1192943
1	1192627
0
4	1155468	1175299	1198542	1224610
4	1155615	1175639	1199021	1225051
4	1155807	1175645	1198874	1224953
4	1155224	1175242	1198644	1224658
1	1224016
2	1201325	1202112
2	1201817	1202546
2	1201684	1202463
2	1201408	1202148
1	1201518
8	1185763	1194651	1196360	1206017	1208635	1219738	1274149	1275188
6	1186153	1195081	1196804	1206455	1220260	1274709
8	1186029	1187239	1194934	1206333	1208252	1220139	1274390	1275792
7	1185838	1194763	1196428	1206093	1219811	1274429	1275607
3	1185145	1219182	1273613
0
0
0
0
0
04/30/2018 01:10:58	04/30/2018 01:26:29
