4	1202461	1205516	1218420	1220203
4	1202898	1205982	1218826	1221699
3	1202818	1205873	1218735
4	1202491	1205576	1218469	1221301
3	1201863	1204933	1220643
2	1216391	1217144
2	1216898	1217636
3	1216754	1217561	1220377
2	1216489	1217243
0
3	1187375	1188338	1215845
3	1187784	1188647	1216314
3	1187692	1188597	1216213
3	1187424	1188346	1215901
2	1186762	1215257
1	1215573
1	1215984
1	1215915
1	1215579
0
3	1205691	1212888	1221722
3	1206165	1213407	1222180
3	1206036	1213284	1222080
3	1205774	1212972	1221771
1	1205114
3	1196737	1203010	1204104
3	1197160	1203452	1205581
3	1197084	1203414	1204371
4	1196756	1198370	1202989	1205172
1	1204541
3	1205411	1207823	1209762
2	1205775	1208227
3	1205736	1208201	1210108
2	1205397	1207796
1	1207212
4	1196641	1201731	1204870	1210158
4	1197154	1202188	1205334	1210559
4	1197062	1202150	1205204	1210505
4	1196682	1201702	1204952	1210155
3	1196082	1204285	1209534
2	1201667	1203217
1	1202118
1	1202029
2	1201713	1202458
1	1201079
6	1178132	1178938	1183321	1195968	1229637	1230409
5	1178415	1179302	1196350	1230139	1230929
5	1178411	1179205	1196248	1229987	1230747
5	1178084	1183379	1196019	1229742	1230588
4	1177431	1182720	1195342	1229074
0
0
0
0
0
6	1185856	1186653	1191753	1198058	1209185	1218811
5	1186331	1187141	1198441	1209618	1219252
5	1186161	1186915	1198379	1209539	1219120
6	1185978	1186791	1191721	1198075	1209217	1218893
2	1191113	1197416
0
0
0
0
0
2	1185861	1211024
2	1186302	1211479
2	1186180	1211411
2	1185931	1211036
1	1210424
3	1175101	1204717	1229303
3	1175442	1205197	1229727
3	1175454	1205112	1229669
4	1175033	1204757	1206294	1229294
1	1174456
1	1194733
1	1195169
1	1195088
1	1194763
0
1	1192147
1	1192536
1	1192524
1	1192107
1	1191511
4	1206568	1207593	1211115	1213043
2	1207014	1207946
3	1206916	1207984	1211489
2	1206619	1207693
2	1205969	1210545
1	1204448
1	1204880
1	1204809
1	1204476
0
2	1205176	1216973
2	1205618	1217494
2	1205554	1217327
2	1205193	1217092
1	1216414
3	1212002	1213431	1223137
3	1212499	1213936	1223307
3	1212367	1213811	1223406
3	1212097	1213554	1222988
1	1222408
3	1192951	1212829	1218702
3	1193329	1213337	1219343
3	1193287	1213165	1219102
4	1192934	1212960	1214474	1218970
1	1192320
5	1179687	1204416	1205545	1209948	1215287
4	1180080	1204912	1205972	1215737
4	1180034	1204832	1205836	1215635
4	1179684	1204442	1210015	1215332
3	1179065	1203845	1209388
2	1205831	1222603
2	1206221	1223098
2	1206212	1222952
2	1205785	1222720
2	1205210	1222018
2	1197519	1215514
2	1197979	1215881
2	1197924	1215885
2	1197515	1215451
0
0
0
0
0
0
1	1239301
1	1239677
1	1239690
1	1239233
0
2	1197307	1213054
2	1197752	1213533
2	1197743	1213434
2	1197263	1213100
1	1212478
2	1196382	1197279
2	1196836	1198089
1	1196746
2	1196434	1197860
0
1	1192527
1	1192611
1	1192635
1	1192456
0
1	1206977
1	1207426
2	1207341	1208425
1	1207015
1	1206388
2	1195971	1197883
2	1196399	1198734
2	1196379	1198228
2	1195944	1198357
0
2	1201376	1202653
2	1201852	1203477
2	1201785	1203455
2	1201390	1203116
0
0
0
0
0
0
3	1186518	1195317	1200912
3	1186815	1195810	1201339
3	1186788	1195657	1201295
3	1186493	1195436	1200905
1	1200311
3	1204496	1211312	1235373
3	1204917	1211786	1235133
3	1204849	1211688	1235142
3	1204515	1211355	1235327
1	1234438
2	1214029	1218425
2	1214494	1218839
1	1218784
2	1214092	1218432
0
3	1193468	1194986	1222443
3	1193820	1195440	1222973
3	1193745	1195370	1222822
3	1193497	1195003	1222540
1	1194402
1	1204017
2	1204439	1205215
1	1204385
2	1204020	1204932
0
1	1224610
1	1225139
1	1224989
1	1224712
0
3	1192640	1211122	1222881
3	1193065	1211616	1223240
3	1192988	1211499	1223262
3	1192660	1211194	1222811
1	1192030
0
0
0
0
0
1	1217174
1	1217586
1	1217483
1	1217231
0
2	1192504	1193547
2	1192932	1194064
2	1192805	1194009
2	1192584	1193864
0
6	1194440	1206685	1211679	1213222	3628736	3631545
4	1194812	1207119	1212152	3628867
5	1194727	1207078	1208048	1213618	3628948
5	1194478	1206671	1211724	1213261	3628615
0
1	1203342
2	1203921	1205577
2	1203704	1205261
1	1203505
0
0
0
0
0
0
1	1236465
1	1236707
1	1236791
1	1236329
0
1	1220005
1	1220468
1	1220349
1	1220071
0
1	1216293
1	1216846
1	1216707
1	1216389
0
2	1205956	1209220
2	1206361	1209737
2	1206299	1209623
2	1205948	1209282
0
3	1196575	1207747	1221485
3	1197086	1208271	1221970
3	1196937	1208153	1221836
3	1196677	1207814	1221577
1	1196008
1	1193555
1	1193974
1	1193875
1	1193604
1	1192946
2	1207478	1224624
2	1208012	1225051
2	1207892	1224968
2	1207548	1224652
1	1224022
1	1208882
2	1209420	1210164
1	1209274
2	1208974	1209777
2	1208340	1209543
1	1186483
1	1186910
1	1186748
1	1186605
0
0
0
0
0
0
2	1201091	1204586
2	1201539	1204980
2	1201423	1204925
2	1201164	1204597
2	1200516	1203970
3	1204232	1216744	7003940
3	1204609	1217158	7003954
3	1204530	1217083	7004225
3	1204258	1216766	7003611
2	1203604	1216139
3	1228139	1233264	1234203
3	1228261	1233811	1234743
3	1228445	1233633	1234559
3	1227903	1233393	1234434
1	1227385
1	1208375
1	1208834
1	1208753
1	1208399
1	1207785
2	1205820	1212701
2	1206301	1213231
3	1206210	1213081	1214227
2	1205878	1212810
1	1212153
3	1202947	1206890	1207780
2	1203107	1207263
3	1203245	1207220	1209748
3	1202756	1206883	1207729
2	1202212	1209013
3	1195580	1197507	1220446
3	1196030	1197559	1220960
2	1198553	1220806
3	1195679	1197594	1220553
1	1197610
3	1196576	1198554	1209179
3	1196971	1198981	1209580
3	1196930	1198958	1209586
3	1196568	1198524	1209126
0
2	1201695	1204065
2	1202013	1204418
2	1202002	1204332
3	1201655	1204093	1205539
1	1203424
5	1194412	1196269	1214500	1220569	1229737
5	1194791	1196628	1214808	1220991	1230185
5	1194732	1196604	1214892	1220921	1230101
5	1194426	1196236	1214360	1220586	1229760
0
2	1198777	1206942
2	1199231	1207385
2	1199154	1207232
2	1198807	1207050
1	1206350
2	1216966	1217907
2	1217491	1218411
2	1217326	1218284
2	1217086	1218006
1	1216414
4	1190529	1191454	1219943	1222878
4	1191046	1191787	1220439	1223360
4	1190897	1191635	1220298	1222969
4	1190635	1192079	1220051	1222982
3	1189975	1220029	1222313
1	1222938
1	1223324
1	1223290
1	1222916
0
3	1221185	1222535	1235304
3	1221609	1223081	1235807
3	1221534	1223007	1235735
3	1221206	1222748	1235319
1	1234739
0
0
0
0
0
1	1203053
1	1203564
1	1203476
1	1203091
0
1	1227035
1	1227423
1	1227374
1	1227029
0
2	1199590	1219626
2	1199960	1220011
3	1199939	1200949	1219970
3	1199558	1201013	1219604
1	1198957
4	1197838	1205516	1215682	1216497
4	1198294	1205954	1216184	1216996
4	1198162	1205883	1216039	1216862
4	1197927	1205536	1215776	1216564
1	1197254
4	1151442	1191404	1196232	1204425
4	1151183	1191837	1196529	1204863
4	1151277	1191740	1196526	1204786
4	1151310	1191448	1196181	1204448
2	1195545	1203825
1	1206467
1	1206936
1	1206815
1	1206535
1	1205882
4	1155108	1204200	1210568	1212408
4	1155410	1204661	1211074	1212758
4	1155159	1204536	1210910	1212702
4	1155312	1204272	1210689	1212106
1	1154438
0
0
0
0
0
4	1201659	1203812	1209142	1219431
3	1202159	1204307	1220948
5	1202052	1204235	1209467	1219788	1222310
5	1201716	1203882	1209180	1219485	1220554
3	1201086	1203266	1208531
5	1186783	1187757	1202730	1206833	1208257
4	1187226	1188183	1203164	1207222
5	1187098	1188018	1203140	1204099	1207216
4	1186862	1187859	1202702	1206785
2	1202129	1207659
3	1170847	1171754	1214672
3	1171180	1172069	1215113
3	1171162	1172209	1215037
3	1170817	1171724	1214683
1	1170195
4	1186952	1189229	1193309	1214966
3	1187340	1189378	1215474
4	1187301	1189293	1193655	1215347
4	1186941	1189080	1193294	1215037
0
4	1176114	1193787	1201758	1212105
4	1176825	1194219	1202278	1212396
4	1176417	1194150	1202203	1212365
4	1176506	1193806	1201785	1212078
3	1175603	1201202	1211432
3	1195130	1196919	1217694
3	1195501	1197286	1218141
3	1195487	1197248	1218035
3	1195086	1196893	1217744
1	1196283
2	1189236	1202173
2	1189650	1202662
2	1189579	1202481
2	1189257	1202307
2	1188625	1201602
2	1206270	1213553
2	1206661	1213982
3	1206622	1207678	1213924
2	1206249	1213562
2	1205649	1212954
2	1199289	1202771
2	1199712	1203207
2	1199624	1203118
2	1199336	1202805
2	1199295	1202174
1	1207359
1	1207816
1	1207740
2	1207383	1208117
1	1206769
3	1208391	1210496	1229272
3	1208886	1210990	1229699
3	1208730	1210822	1229658
3	1208499	1210637	1229261
2	1207819	1209947
5	1194850	1210038	1215765	1222814	1223895
4	1195211	1210393	1216130	1223147
4	1195160	1210369	1216116	1223141
5	1194853	1209998	1212354	1215726	1222766
2	1215134	1222158
3	1204210	1207048	1208491
2	1204668	1207547
2	1204568	1207456
3	1204259	1207077	1208492
2	1203619	1206473
4	1188104	1190222	1192622	1198949
3	1188381	1190530	1199372
3	1190510	1192920	1199292
4	1188047	1190192	1192635	1198978
2	1189560	1198350
7	1185043	1186361	1189335	1201967	1203258	1207481	1212018
6	1184786	1186766	1202294	1203594	1207068	1212462
6	1185105	1186598	1202299	1203271	1207101	1212394
7	1184672	1186483	1189380	1201913	1203329	1206834	1212034
2	1185764	1188747
8	1192764	1196966	1210299	1218244	1219192	1220493	1230761	1235425
7	1193108	1197337	1210766	1218696	1219527	1231295	1235857
7	1193148	1197372	1210671	1218633	1219597	1231230	1235912
7	1192682	1196886	1210349	1218259	1219107	1224185	1230771
1	1234825
0
0
0
0
0
2	1197710	1210275
2	1198124	1210678
2	1198066	1210620
2	1197720	1210296
1	1197101
1	1216914
1	1217402
2	1217211	1218473
2	1217066	1218467
1	1216317
5	1187866	1188754	1201701	1206189	1231872
5	1188215	1189090	1202188	1206712	1232287
5	1188228	1189147	1202064	1206577	1232241
5	1187801	1188653	1201774	1206276	1231866
2	1205640	1231264
0
0
0
0
0
4	1200261	1206069	1207619	1213948
3	1200636	1206528	1214343
3	1200561	1206410	1207896
4	1200291	1206138	1207682	1213943
0
3	1172331	1173721	1205085
2	1172544	1173967
2	1172578	1173989
2	1172252	1173707
0
2	1203723	1210700
2	1204162	1211148
2	1204108	1211081
2	1203721	1210709
1	1203126
1	1224391
1	1224880
1	1224737
1	1224490
0
1	1207623
1	1208065
1	1208032
1	1207604
0
6	1193187	1194421	1198387	1202885	1205113	1217613
4	1193619	1194388	1203326	1218143
5	1193524	1194594	1203193	1205547	1217987
6	1193230	1194691	1198467	1202963	1206771	1217716
2	1192576	1204568
1	1219626
1	1220083
1	1219942
1	1219718
0
1	1211575
1	1212074
1	1211928
1	1211676
1	1211011
0
0
0
0
0
2	1184076	1209542
2	1184443	1210035
2	1184386	1209892
2	1184079	1209641
0
4	1199018	1204682	1205662	1207985
3	1199442	1205113	1206006
4	1199398	1205029	1206003	1208476
3	1199014	1204728	1205679
0
4	1188860	1189769	1212126	1220057
4	1189224	1190099	1212587	1220341
4	1189142	1190192	1212493	1220157
4	1188897	1190345	1212171	1220200
2	1188196	1211541
1	1204945
1	1205334
1	1205329
1	1204899
0
0
0
0
0
0
4	1206842	1211572	1221303	1222493
3	1207291	1212061	1221745
4	1207262	1211928	1221669	1222718
4	1206816	1211666	1221336	1222502
2	1206231	1210990
2	1193786	1197589
3	1194157	1197997	1200368
3	1194068	1197881	1199026
2	1193824	1197657
1	1193158
1	1226585
1	1227013
1	1226944
1	1226599
0
2	1208932	1214250
2	1209341	1214750
2	1209267	1214635
2	1208970	1214310
1	1208326
0
0
0
0
0
2	1227699	1228459
2	1228108	1228929
2	1228086	1228831
2	1227667	1228521
1	1227083
3	1198203	1208759	1214031
3	1198709	1209233	1214528
3	1198584	1209121	1214382
3	1198280	1208827	1214129
3	1197642	1208176	1213462
6	1146171	1147176	1200798	1202356	1214276	1249858
5	1145707	1201264	1202815	1214835	1249883
6	1145776	1146874	1201201	1202678	1214635	1249677
6	1146061	1147076	1200805	1202470	1214430	1250029
2	1145126	1249057
2	1201485	1209778
2	1201819	1210296
2	1201833	1210198
2	1201429	1209830
0
0
0
0
0
0
3	1192912	1206501	1221850
3	1193280	1206918	1222199
4	1193250	1206857	1222141	1223265
3	1192856	1206510	1221855
2	1205891	1221203
3	1205002	1215155	1219098
3	1205469	1215545	1219608
3	1205350	1215467	1219470
3	1205073	1215192	1219185
1	1204413
4	1190623	1204453	1208277	2903004
4	1190974	1204909	1208745	2903289
5	1190970	1204798	1205882	1208606	2902929
4	1190575	1204517	1208371	2903320
2	1207697	2902329
1	1206057
1	1206641
1	1206496
1	1206153
0
0
0
0
0
0
0
0
0
0
0
3	1190225	1220640	1240148
4	1190544	1220998	1222359	1240532
4	1190519	1220997	1221998	1240573
4	1190198	1220592	1222054	1240058
2	1220002	1239525
2	1208205	1209068
2	1208739	1209583
2	1208591	1209446
2	1208310	1209167
2	1207636	1210749
4	1141466	1193462	1194870	1215128
4	1140819	1193910	1195280	1215641
5	1141070	1193833	1194939	1215488	1216649
5	1141238	1193487	1194911	1215243	1216757
3	1140296	1194270	1214534
1	1203729
1	1204103
1	1204018
1	1203768
1	1203101
5	1192010	1206845	1209885	1211069	1216194
4	1192445	1207301	1210348	1216645
5	1192362	1207185	1210239	1211367	1216608
4	1192053	1206917	1209938	1216181
2	1206259	1215590
2	1183482	1205273
2	1183905	1205703
1	1183824
2	1183514	1205320
1	1182877
1	1219130
1	1219546
2	1219479	1220553
1	1219146
1	1218523
3	1172066	1173261	1207294
2	1172334	1207528
2	1172346	1207460
3	1172007	1173322	1207311
2	1171351	1206592
1	1215378
2	1215818	1217217
1	1215732
2	1215414	1216848
0
2	1210627	1211739
2	1211134	1212134
2	1211020	1212010
2	1210701	1211790
1	1210320
0
0
0
0
0
2	1182748	1216169
2	1183199	1216661
2	1183037	1216567
2	1182860	1216212
2	1182154	1215603
2	1207901	1215723
2	1208367	1216180
2	1208274	1216082
2	1207937	1215771
1	1215135
4	1189248	1190028	1206349	1208737
4	1189682	1190508	1206849	1209195
4	1189584	1190356	1206752	1209146
4	1189297	1190109	1206387	1207215
2	1188650	1205778
4	1181692	1183580	1194360	1197545
3	1182069	1194755	1197935
3	1182000	1194730	1197883
4	1181715	1194328	1197551	1198710
0
4	1188618	1193785	1194931	1205743
4	1189069	1194230	1197738	1206232
4	1188941	1194126	1195281	1206133
5	1188706	1193841	1194937	1197365	1205792
3	1193191	1194333	1205173
1	1214682
1	1215128
1	1215048
1	1214720
0
3	1198512	1257186	1258177
4	1198943	1201934	1257763	1258662
3	1198873	1257456	1258511
4	1198536	1201484	1257445	1258626
2	1197912	1256966
4	1197929	1205559	1211606	1213113
4	1198345	1206030	1212050	1213594
4	1198275	1199360	1205912	1211978
4	1197954	1205629	1211617	1213210
3	1197311	1204980	1211463
4	1203050	1204317	1215009	1215755
4	1203567	1204845	1215559	1216291
3	1203444	1204551	1215399
3	1203122	1204597	1215117
1	1217636
5	1199596	1200898	1209567	1211319	1216876
5	1200035	1201456	1209968	1212592	1217187
4	1199947	1201225	1209936	1217203
3	1199639	1201120	1209548
2	1202390	1210759
5	1196228	1200205	1208877	1219216	1222622
5	1196544	1200707	1209262	1219676	1223071
5	1196499	1200634	1209264	1219551	1222955
5	1196226	1200254	1208821	1219299	1222687
2	1195571	1208255
2	1199094	1215432
2	1199568	1215883
2	1199420	1215771
1	1215496
1	1214842
4	1197805	1213658	1219756	1222882
4	1198250	1214104	1220240	1223103
4	1198236	1214039	1220134	1222917
4	1197771	1213673	1219809	1222830
2	1213052	1219179
2	1200912	1202003
2	1201271	1202363
2	1201233	1202242
2	1200889	1202024
0
0
0
0
0
0
1	1213973
1	1214484
1	1214331
1	1214077
0
3	1190127	1216410	1219662
3	1190523	1216902	1220147
3	1190477	1216744	1220002
3	1190121	1216525	1219762
1	1219058
3	1189070	1190111	1217586
3	1189384	1190400	1218012
3	1189482	1190331	1217969
3	1188923	1190025	1217578
1	1216984
2	1131224	1199615
2	1131170	1200048
2	1130992	1199949
2	1131370	1199666
2	1130387	1199015
0
0
0
0
0
4	1192812	1197452	1199790	1209994
4	1193170	1197861	1200157	1210507
4	1193118	1197780	1200119	1210410
4	1192811	1197486	1199766	1210040
2	1192175	1196843
2	1187677	1206283
2	1188048	1206732
2	1188035	1206669
2	1187637	1206300
1	1187042
0
0
0
0
0
3	1205578	1217278	1219778
3	1206050	1217703	1220193
3	1205925	1217658	1220139
3	1205660	1217274	1219783
1	1216660
3	1195225	1199932	1208525
3	1195631	1200375	1209007
4	1195549	1200230	1208867	1210021
3	1195255	1200032	1208613
3	1194611	1199342	1207951
2	1205588	2488298
2	1206063	2488593
2	1205967	2488182
2	1205640	2488668
1	1205010
1	1225028
1	1225456
1	1225342
1	1225093
1	1224428
4	1191391	1209925	1213645	1215687
3	1191767	1210292	1214130
3	1191742	1210300	1214010
4	1191357	1209864	1213714	1215760
2	1190762	1209293
1	1243434
1	1243989
1	1243832
1	1243542
1	1242896
4	1194347	1195903	1213008	1213902
4	1194729	1196271	1213463	1214361
4	1194637	1196173	1213398	1214278
4	1194389	1195919	1213023	1213962
0
2	1183613	1202845
2	1184067	1203228
2	1183902	1203155
2	1183732	1202866
1	1183028
1	1216047
1	1216523
1	1216426
1	1216096
1	1215474
4	1179999	1193305	1196421	1207273
4	1179983	1193787	1196876	1207605
4	1180096	1193601	1196700	1207593
4	1179836	1193443	1196546	1207232
2	1179173	1206623
1	1219480
1	1219988
2	1219910	1220805
1	1219520
1	1218890
3	1195980	1196869	1200836
2	1196356	1197075
3	1196296	1197207	1201100
2	1195987	1196725
1	1195344
3	1215631	1216394	1222126
2	1216020	1216867
3	1215970	1216710	1222535
3	1215634	1216482	1222212
2	1215797	1221586
2	1211845	1213135
2	1212334	1214290
2	1212214	1213314
2	1211918	1213315
1	1213244
1	1200360
1	1200846
1	1200741
1	1200415
1	1199779
1	1213330
1	1213891
1	1213711
1	1213467
1	1212796
2	1208706	1237081
2	1209124	1237512
2	1209075	1237487
2	1208703	1237048
1	1208098
3	1201227	1204323	1207168
3	1201616	1203770	1207610
2	1201552	1203712
3	1201231	1202702	1207271
1	1203737
2	1203925	1229569
2	1204403	1229915
2	1204303	1229907
2	1203985	1229525
0
0
0
0
0
0
5	1198919	1200048	1210414	1233298	1246651
6	1199393	1200497	1210812	1212277	1233655	1247088
5	1199300	1200404	1210738	1233655	1247111
6	1198966	1200096	1210444	1233234	1233973	1246573
3	1198334	1210436	1232616
5	1166553	1183278	1208518	1212294	1213998
4	1166798	1183676	1208957	1212827
5	1166751	1183598	1208830	1209923	1214931
5	1166546	1183314	1208603	1211660	1212452
2	1182662	1211746
2	1206168	1209406
2	1206547	1209824
2	1206520	1209737
2	1206140	1209435
2	1205534	1208793
2	1199023	1217556
2	1199368	1218002
2	1199362	1217872
2	1198974	1217636
1	1216956
3	1183056	1183966	1204873
3	1183442	1184253	1205324
3	1183407	1184347	1205217
3	1183041	1183860	1204938
1	1204285
1	1203825
1	1204297
1	1204209
1	1203859
1	1203245
1	1200505
1	1200838
1	1200873
1	1200417
1	1199855
4	1176865	1193975	1212478	1213489
4	1177123	1194378	1212934	1213891
4	1177231	1194260	1212847	1213835
4	1176706	1194044	1212525	1213492
2	1176174	1212874
3	1211298	1219005	1220151
3	1211754	1219231	1220340
3	1211679	1219258	1220286
2	1211328	1218984
2	1210699	1218373
3	1173003	1214077	1214883
3	1173190	1214574	1215364
3	1173169	1214483	1215327
3	1172971	1214109	1214946
0
1	1211606
1	1212054
1	1211978
1	1211633
1	1211015
4	1210567	1211343	1223570	1234806
4	1211020	1211825	1224073	1235003
3	1210914	1223952	1235097
4	1210628	1211426	1223641	1234660
1	1223003
1	1215250
1	1215715
2	1215609	1216729
1	1215312
1	1214663
2	1153574	1201168
2	1153528	1201564
2	1153750	1201454
2	1153309	1201224
1	1152739
5	1205256	1206402	1209441	1212883	1219726
3	1205677	1206759	1219990
4	1205631	1206594	1209804	1220055
4	1205249	1206432	1212938	1219625
3	1208873	1212298	1219060
4	1153313	1200972	1216380	1222048
4	1153509	1201446	1216816	1222539
4	1153180	1201341	1216715	1222395
4	1153602	1201020	1216421	1222147
2	1152596	1200362
2	1197615	1201317
2	1197996	1201728
2	1197985	1201678
2	1197584	1201312
2	1196978	1200696
0
0
0
0
0
4	1193497	1194480	1206503	1207457
3	1193949	1195071	1206891
4	1193839	1194969	1206832	1209319
4	1193548	1194670	1206514	1207376
1	1205864
0
0
0
0
0
5	1171192	1172041	1206838	1215306	1216583
5	1171574	1172370	1207294	1215756	1217054
5	1171461	1172200	1207213	1215632	1216890
5	1171261	1172000	1206866	1215353	1216776
1	1206248
0
0
0
0
0
3	1187091	1212391	1213826
3	1187491	1212852	1214209
3	1187440	1212772	1213838
3	1187085	1212436	1213971
1	1186471
4	1192644	1209249	1217181	1223034
4	1192979	1209752	1217650	1223602
5	1192924	1209646	1217497	1223418	1224591
5	1192650	1193411	1209302	1217288	1223163
3	1208680	1216600	1222502
4	1185594	1186467	1202951	1214815
4	1185918	1186807	1203381	1215347
4	1185981	1186853	1203293	1215173
4	1185476	1186383	1202988	1214940
2	1202349	1214242
2	1119362	1249468
2	1119181	1249683
2	1119134	1249789
2	1119377	1249306
1	1248755
2	1228406	7736987
2	1228834	7736704
2	1228776	7736514
2	1228416	7737148
0
4	1174731	1187702	1209409	1210477
4	1175342	1187967	1209913	1210799
5	1175130	1187964	1189089	1209767	1210671
4	1174901	1187658	1209513	1210330
1	1187012
2	1208596	1229104
2	1209077	1229517
2	1208944	1229444
2	1208680	1229130
1	1208018
1	1195088
1	1195459
1	1195437
1	1195066
1	1194435
4	1210879	1213018	1214483	1218675
3	1211357	1213501	1219149
3	1211257	1213416	1219057
3	1210927	1213063	1214569
3	1212447	1213911	1218064
2	1223714	1228804
2	1224073	1229255
2	1224092	1225819
2	1223645	1228674
1	1223068
2	1206364	1213580
2	1206844	1214027
2	1206734	1213958
3	1206426	1207863	1213607
0
4	1144103	1202170	1217003	1218506
4	1144399	1202579	1217443	1218971
4	1144196	1202500	1217353	1218785
4	1144262	1202198	1217046	1218625
1	1216405
1	1212190
1	1212694
1	1212545
1	1212290
0
3	1202356	1209697	1210725
3	1202813	1210192	1210923
3	1202765	1210082	1211139
2	1202349	1209760
1	1209119
5	1187465	1188257	1207609	1210261	1211804
4	1187838	1188652	1208097	1210685
3	1187800	1210599	1212183
5	1187455	1188292	1207629	1210317	1211847
1	1186824
2	1200623	1211259
2	1200608	1211834
2	1200859	1211648
2	1200327	1211378
1	1199806
2	1168840	1232169
2	1169133	1232501
3	1169168	1232477	1233523
2	1168759	1232143
1	1231513
5	1193163	1194982	1202659	1205189	1238091
4	1193588	1194414	1203075	1238528
4	1193461	1194285	1202993	1238216
5	1193244	1194669	1202696	1205173	1238359
3	1192556	1202030	1237492
2	1216813	1217791
2	1217316	1218171
2	1217210	1218208
2	1216862	1217870
1	1216226
3	1194175	1195475	1236542
3	1194560	1195862	1236898
2	1194408	1236944
3	1194278	1195649	1236451
1	1195210
2	1218841	1223797
2	1219265	1219987
2	1219190	1224154
2	1218854	1220408
1	1223818
2	1194512	1195471
2	1194938	1195803
2	1194849	1195798
2	1194551	1195479
0
7	1187012	1192082	1201021	1202093	1208054	1210372	1227912
7	1187434	1192469	1201472	1202568	1208531	1211583	1228221
7	1187356	1192432	1201377	1202475	1208385	1210731	1228256
6	1187041	1192062	1201072	1202477	1208149	1227829
2	1186406	1227246
2	1178430	1185838
2	1178694	1186293
2	1178691	1186156
2	1178381	1185924
2	1177742	1185250
0
0
0
0
0
5	1190321	1203618	1207863	1208753	1218238
4	1190783	1203658	1208314	1218750
4	1190625	1203838	1208222	1218569
5	1190434	1203387	1207908	1208669	1218369
1	1189725
3	1195586	1196820	1206525
2	1196035	1206934
3	1195929	1196902	1206919
2	1195645	1206501
0
0
0
0
0
0
2	1199149	1228287
2	1199647	1228754
2	1199497	1228641
2	1199252	1228334
2	1198584	1227692
3	1166089	1203103	1222800
3	1166321	1203570	1223270
3	1166040	1203445	1223120
3	1166318	1203181	1222903
1	1222218
3	1214163	1215113	1268734
3	1214560	1215520	1268892
3	1214546	1215482	1268864
3	1214122	1215111	1268709
1	1213547
2	1197708	1209273
2	1198140	1209689
2	1198055	1209547
2	1197745	1209364
1	1208664
0
0
0
0
0
1	1192824
1	1193188
1	1193147
1	1192812
1	1192191
4	1190114	1203867	1210944	1219045
4	1190462	1204254	1211426	1219473
5	1190499	1204189	1211360	1212300	1219412
6	1190022	1203882	1210959	1211705	1212378	1219045
3	1203211	1210362	1218421
6	1136782	1137809	1198169	1200890	1205944	1234201
5	1136460	1137549	1198562	1206275	1234523
6	1136702	1137736	1198505	1201193	1206326	1234584
6	1136497	1137541	1198175	1200894	1205843	1234089
3	1197551	1205292	1233545
2	1203188	1211241
2	1203491	1211758
2	1203486	1211614
2	1203142	1211333
1	1210681
3	1199341	1204040	1205273
2	1199811	1204419
2	1199665	1204340
3	1199445	1204065	1205372
1	1203414
1	1213364
1	1213841
1	1213744
1	1213407
0
3	1200497	1220874	1262219
3	1200883	1221446	1261785
4	1200844	1202448	1221272	1261755
3	1200477	1221003	1262218
1	1200406
2	1217254	1218300
2	1217715	1218675
3	1217631	1218708	1221285
2	1217282	1218427
1	1216650
1	1202918
1	1203370
1	1203245
1	1202997
1	1202331
2	1195422	1196171
2	1195826	1196634
2	1195802	1196564
2	1195392	1196157
1	1194803
2	1194785	1220759
2	1195250	1221021
2	1195132	1221065
3	1194866	1196326	1220661
2	1194165	1220072
3	1212451	1217512	1218325
3	1212892	1217930	1218748
2	1212834	1217848
2	1212457	1217539
1	1211849
1	1194852
1	1195232
1	1195078
1	1194956
0
3	1197691	1206696	2178690
3	1198093	1207204	2179085
3	1198023	1207092	2178789
3	1197717	1206758	2178947
1	1197075
0
0
0
0
0
1	1200664
1	1201117
1	1201016
1	1200710
0
1	1185446
1	1185840
1	1185774
1	1185464
0
5	1178212	1207634	1213208	1214659	1229954
4	1178596	1208128	1213684	1230502
5	1178555	1208033	1213617	1216256	1230418
5	1178202	1207678	1213257	1214789	1229983
4	1177587	1207062	1214122	1229411
0
0
0
0
0
1	1189090
1	1189500
1	1189513
1	1189027
0
4	1207145	1208206	1218309	1220102
4	1207664	1208706	1218695	1220542
4	1207525	1208633	1218576	1220445
3	1207241	1208452	1218378
1	1206575
5	1188133	1199770	1200654	1214611	1215742
4	1188494	1200222	1200913	1215082
5	1188422	1200176	1200967	1214986	1216008
5	1188157	1199754	1202019	1214671	1215811
3	1187498	1199170	1201403
4	1205057	1206164	1211391	1235652
4	1204841	1205996	1211734	1236057
4	1205231	1206370	1211686	1236005
4	1204629	1205832	1211387	1235641
0
3	1212880	1218547	1219788
2	1213233	1219048
2	1213201	1218911
3	1212857	1218638	1220073
2	1212239	1217973
6	1199122	1207094	1210212	1215090	1240193	1241428
6	1199566	1207483	1210752	1215595	1240534	1241766
7	1199491	1200530	1207380	1210596	1215464	1240430	1241568
6	1199151	1207142	1210315	1215177	1240234	1241662
3	1198497	1206473	1214529
2	1206747	1219137
2	1207136	1219615
2	1207069	1219521
2	1206768	1219181
2	1206128	1218566
5	1198392	1201516	1202513	1207052	1217466
4	1198129	1201912	1207640	1217965
5	1198526	1201794	1207396	1210197	1217860
5	1197946	1201589	1202642	1207300	1217515
4	1197446	1200898	1206609	1216900
2	1206809	1207954
2	1207366	1208521
2	1207168	1208356
2	1206958	1208770
1	1206276
6	1185479	1186673	1194885	1212885	1226466	1290510
6	1185795	1186664	1195269	1213320	1226913	1290152
6	1185724	1186889	1195178	1213259	1226778	1290126
6	1185499	1186927	1194932	1212893	1226563	1290495
3	1184784	1194263	1212281
0
0
0
0
0
5	1199007	1201130	1202847	1215502	1219579
4	1199455	1201493	1215992	1220039
5	1199347	1201463	1203266	1215838	1219926
4	1199059	1201117	1215610	1219643
1	1218993
4	1195323	1200134	1207292	1221922
4	1195633	1200553	1207700	1222327
4	1195679	1200506	1207704	1222261
4	1195224	1200111	1207232	1221935
2	1194656	1206682
2	1201954	1203099
2	1202362	1203550
2	1202300	1203367
2	1201965	1203190
0
0
0
0
0
0
1	1218863
1	1219252
1	1219237
1	1218827
0
3	1188951	1195636	1204715
3	1189326	1196061	1205177
3	1189276	1195964	1205095
3	1188944	1195686	1204748
3	1188322	1195034	1204131
1	1211580
1	1212045
1	1211892
1	1211688
0
1	1187502
1	1187827
1	1187845
1	1187432
1	1186847
4	1195778	1214459	1219270	1220512
3	1196186	1214947	1219723
3	1196125	1214828	1219629
4	1195790	1214529	1219309	1220812
0
0
0
0
0
0
1	1221042
1	1221423
1	1221383
1	1221031
1	1220418
3	1198298	1201306	1214289
3	1198727	1201686	1214615
3	1198675	1201651	1214606
3	1198295	1201284	1214249
1	1200668
2	1198716	1219832
2	1199021	1220323
2	1199064	1220183
2	1198626	1219926
1	1219260
4	1195557	1198464	1210837	1222294
4	1195785	1198755	1211258	1222699
4	1195838	1198798	1211219	1222672
4	1195451	1198372	1210816	1222268
2	1197796	1221667
1	1180640
1	1180962
1	1180913
1	1180634
0
2	1210841	1212450
2	1211037	1212010
2	1211178	1212053
2	1210658	1211943
0
2	1216920	1218841
2	1217354	1219289
2	1217281	1219147
2	1216945	1218927
1	1216324
2	1196539	1209051
2	1196969	1209484
2	1196902	1209391
2	1196561	1209095
0
4	1194333	1196249	1212497	1214027
4	1194721	1196172	1213055	1214503
4	1194601	1195780	1212847	1214378
4	1194400	1195857	1212654	1214103
2	1211963	1213455
2	1203554	1226444
2	1204027	1226829
2	1203945	1226811
2	1203589	1226411
0
5	1195374	1201199	1215250	1216059	1226320
4	1195771	1201560	1215751	1226822
4	1195644	1201489	1215559	1226654
4	1195465	1201214	1215363	1226438
1	1214672
5	1175740	1191930	1201468	1202895	1211478
5	1175954	1192358	1201920	1203332	1211979
5	1176113	1192233	1201834	1203047	1211877
5	1175525	1192006	1201505	1202961	1211522
4	1191324	1200872	1202310	1210871
4	1126878	1178900	1186636	1203917
4	1126747	1179399	1187071	1204312
4	1127068	1179281	1186994	1204234
4	1126513	1178966	1186663	1203945
3	1126000	1178330	1203294
3	1204333	1205648	1216702
3	1204728	1206075	1217200
3	1204718	1206008	1217064
3	1204291	1205668	1216781
1	1205050
2	1209195	1223729
2	1209064	1224036
3	1209380	1224087	1224972
2	1208837	1223623
2	1208318	1223058
5	1194598	1198133	1201030	1209421	1215787
5	1195016	1198497	1209859	1216300	1217684
6	1194923	1196054	1201397	1209772	1216110	1217726
5	1194644	1198133	1201087	1209458	1215931
5	1193992	1197501	1200434	1215230	1216714
3	1135856	1208519	1209226
2	1136050	1209017
2	1135987	1208923
2	1135869	1208561
2	1135127	1207932
4	1203368	1206030	1211540	1216201
4	1203816	1206430	1212000	1216625
4	1203758	1206393	1211911	1216569
4	1203374	1206017	1211611	1224568
2	1202753	1215597
3	1197982	1202183	1208366
3	1198403	1202593	1208800
3	1198313	1202503	1208728
3	1198033	1202220	1208387
1	1207752
0
0
0
0
0
2	1199870	1210623
2	1200316	1211018
2	1200204	1210970
2	1199936	1210620
2	1199268	1210003
5	1188993	1191656	1203802	1204832	1217704
5	1189327	1192049	1204286	1206810	1218161
5	1189344	1192003	1204194	1205225	1218072
5	1188925	1191656	1203843	1205409	1217743
4	1188338	1191033	1203224	1217112
3	1189430	1204061	1205262
2	1189779	1204456
2	1189739	1204420
2	1189427	1204038
0
2	1196133	1211421
2	1196505	1211846
2	1196407	1211799
2	1196185	1211412
1	1195479
3	1199577	1213305	1222047
3	1199929	1213827	1222529
3	1199841	1213673	1222410
3	1199619	1213412	1222117
2	1198934	1212736
1	1213675
1	1214089
1	1214017
1	1213707
0
4	1182126	1187901	1211390	1217810
4	1182494	1188200	1211792	1218282
4	1182422	1188116	1211743	1218169
4	1182150	1187928	1211380	1217869
1	1217227
3	1190813	1209083	1218643
3	1191212	1209548	1219033
3	1191161	1209415	1218965
3	1190812	1209167	1218656
2	1190198	1208499
4	1109384	1110453	1203620	1204622
4	1109698	1110796	1203998	1205144
4	1109266	1110255	1203971	1204944
4	1109775	1110777	1203591	1204777
1	1202976
4	1201176	1215453	1238105	1246924
4	1201585	1215950	1238410	1247324
4	1201538	1215844	1238451	1247244
4	1201167	1215508	1238014	1246955
2	1237443	1246307
2	1188704	1210130
2	1189175	1210544
2	1189049	1210411
2	1188782	1210212
2	1188101	1209504
2	1188575	1206016
2	1188896	1206506
2	1188966	1206436
2	1188458	1206033
1	1205445
3	1192389	1201463	1210945
4	1192819	1201904	1211473	1213046
3	1192672	1201762	1211348
4	1192488	1201557	1211022	1212586
2	1191786	1200863
2	1214087	1219202
2	1214514	1219588
2	1214446	1219565
3	1214108	1219196	1220663
1	1218549
0
0
0
0
0
0
0
0
0
0
0
0
0
0
0
1	1203444
1	1203813
1	1203806
1	1203406
0
2	1183036	1185194
2	1183439	1185625
2	1183297	1185527
2	1183125	1185250
0
2	1213388	1242347
2	1213761	1242563
2	1213777	1242620
2	1213317	1242236
2	1212755	1241640
2	1189715	1215801
2	1189425	1216313
2	1189868	1216154
2	1189232	1215915
1	1215240
1	1217553
1	1218023
1	1217954
1	1217572
1	1216968
2	1195547	1196372
2	1195933	1196678
2	1195827	1196596
2	1195622	1196378
2	1194874	1197383
1	1221305
1	1221793
1	1221660
1	1221391
1	1220718
4	1179760	1217999	1225363	1237670
6	1180151	1181599	1218482	1225857	1227355	1238229
6	1180045	1181261	1218311	1225685	1226870	1238071
6	1179826	1181275	1218218	1225492	1226892	1237781
2	1179143	1237134
2	1203901	1208113
2	1204416	1208529
2	1204273	1208484
2	1204095	1208114
0
1	1219839
1	1220299
1	1220201
1	1219898
0
1	1211111
1	1211557
1	1211482
1	1211132
0
2	1194632	1207473
2	1195059	1207892
2	1194939	1207814
2	1194704	1207501
2	1194031	1206866
0
0
0
0
0
3	1219600	1241277	1249368
3	1219852	1241758	1249765
3	1219903	1241590	1249756
3	1219497	1241399	1249322
3	1218910	1240702	1248748
2	1200288	1208279
2	1200683	1208707
2	1200634	1208667
2	1200278	1208266
2	1199643	1207677
2	1191964	1196329
2	1192339	1196693
2	1192270	1196654
2	1191991	1196321
0
4	1193829	1202101	1207312	1214903
3	1194251	1202490	1207787
3	1194209	1202433	1207666
4	1193814	1202103	1207377	1214982
1	1206735
1	1231192
1	1231633
1	1231587
1	1231192
0
1	1176668
1	1177139
1	1176961
1	1176794
1	1176091
4	1206841	1210251	1211326	1217986
3	1207230	1210720	1218453
3	1207135	1210549	1218343
3	1206877	1210456	1218047
2	1206197	1217405
5	1197522	1203775	1206373	1223563	1224794
5	1197942	1204002	1206802	1223958	1225166
5	1197867	1204173	1206712	1223914	1224934
5	1197543	1203543	1206420	1223552	1224786
0
5	1191345	1208167	1243655	4537331	4539175
4	1191762	1208441	1244066	4537775
5	1191655	1208348	1244071	4537647	4539370
5	1191405	1208209	1243597	4537415	4538146
4	1190712	1207494	1243041	4536737
1	1216687
1	1217077
1	1217034
1	1216685
1	1216044
3	1200305	1206180	1207517
3	1200744	1206606	1208002
2	1200636	1206546
3	1200362	1206199	1207602
1	1199701
5	1155079	1210315	1218214	1219254	1248052
6	1155233	1210803	1218679	1219651	1221511	1247687
6	1155032	1210689	1211778	1218560	1223686	1247628
6	1155238	1210401	1211918	1218280	1221109	1248076
2	1209646	1247059
1	1197151
1	1197511
1	1197451
1	1197161
0
2	1214643	1216078
2	1215151	1216699
2	1215046	1216473
2	1214695	1216270
0
4	1167362	1181989	1183305	1203353
4	1167701	1182347	1183756	1203826
4	1167719	1182241	1183442	1203672
4	1167296	1182049	1183473	1203459
1	1166710
3	1181156	1182420	1219933
3	1181451	1182683	1220330
3	1181482	1182535	1220291
3	1181089	1182452	1219912
0
2	1205643	1229272
2	1205723	1229649
1	1205837
1	1205480
1	1204864
2	1195353	1221296
2	1195711	1221697
3	1195689	1221624	1222669
3	1195319	1221324	1222769
0
1	1192137
1	1192566
1	1192457
1	1192197
1	1191535
1	1207917
1	1208438
1	1208295
1	1208009
0
1	1211505
1	1211867
1	1211731
1	1211593
1	1210867
6	1153482	1154861	1196210	1198330	1210674	1211705
4	1153444	1196616	1198730	1211127
6	1153637	1154807	1196529	1198638	1211055	1212075
4	1153246	1196245	1198374	1210686
2	1197716	1211108
2	1149832	1206214
2	1150350	1206683
2	1150229	1206638
2	1149911	1206196
1	1205628
6	1203715	1206847	1208134	1214683	1229916	1230934
5	1204217	1207261	1215055	1230209	1231099
5	1204095	1207238	1214961	1230235	1231139
6	1203794	1206801	1208194	1214726	1229836	1230828
0
3	1201529	1209805	1210682
3	1201953	1210312	1211232
3	1201951	1210209	1211169
3	1201472	1209858	1210785
1	1200922
2	1221541	1222842
2	1221821	1223218
2	1221916	1223320
2	1221392	1222696
0
3	1190589	1193840	1198858
3	1191030	1194256	1199270
3	1190887	1194146	1199180
3	1190688	1193898	1198903
3	1189995	1193233	1198250
1	1189564
1	1189928
1	1189855
1	1189606
0
0
0
0
0
0
6	1180382	1197107	1209244	1216302	1224450	1226594
6	1180779	1197594	1209696	1216709	1224866	1227001
6	1180678	1197507	1209607	1216643	1224790	1227015
6	1180421	1197139	1209275	1216321	1224479	1226548
3	1196529	1215695	1223841
4	1207155	1213517	1214573	1221496
3	1207638	1213981	1221836
4	1207507	1213906	1214938	1221842
4	1207236	1213536	1214673	1221440
1	1212911
0
0
0
0
0
0
0
0
0
0
2	1205940	1290351
2	1206406	1290306
2	1206312	1290006
2	1205985	1290616
1	1289515
2	1205187	1214843
2	1205650	1215180
2	1205511	1215225
2	1205281	1214738
1	1204602
3	1196552	1209048	1220294
3	1196990	1209403	1220700
3	1196915	1209390	1220643
4	1196575	1209012	1210563	1220300
2	1195933	1219680
3	1191188	1204481	1227267
3	1191595	1204927	1227731
4	1191474	1204871	1227591	1228739
3	1191264	1204483	1227359
1	1190574
2	1215600	1217215
2	1215964	1217666
2	1215951	1217576
2	1215559	1217230
0
4	1193334	1200170	1209651	1219471
4	1193797	1200598	1202086	1210088
4	1193642	1200518	1201572	1209943
4	1193446	1200193	1201732	1209742
1	1192764
4	1197198	1206337	1212354	1213324
4	1197555	1206808	1212894	1213808
4	1197518	1206718	1212886	1213687
4	1197180	1206368	1212516	1213393
2	1196553	1211931
3	1205653	1226187	1238414
3	1206071	1226656	1238831
3	1205985	1226544	1238786
3	1205694	1226248	1238407
2	1205051	1225607
1	1201800
1	1202247
1	1202202
1	1201789
1	1201210
3	1216068	1222426	1227136
3	1216568	1222844	1227638
3	1216427	1222737	1227513
3	1216162	1222475	1227228
2	1215499	1221816
3	1201117	1202432	1207353
2	1201516	1202840
3	1201444	1202546	1207771
3	1201139	1202572	1207380
1	1206783
2	1205949	1206874
2	1206464	1207387
2	1206369	1207342
2	1205989	1206846
0
2	1229151	2297191
2	1229585	2297668
2	1229529	2297138
2	1229139	2297676
1	2296614
3	1184850	1185854	1193031
3	1185275	1186753	1193377
2	1185197	1186243
3	1184884	1186481	1193070
0
4	1198828	1205857	1206692	1212917
4	1199229	1206308	1207147	1213331
3	1199148	1206242	1207222
4	1198865	1205872	1206713	1212904
1	1198214
0
0
0
0
0
1	1194027
1	1194440
1	1194363
1	1194045
0
3	1137288	1209157	1217019
2	1136846	1209666
2	1136936	1209556
2	1137164	1209236
1	1136254
4	1185747	1203318	1207209	1219656
4	1186031	1203721	1207662	1220097
4	1186139	1203681	1207590	1219996
4	1185580	1203310	1207241	1219702
3	1185071	1202704	1206624
3	1190983	1199524	1204923
3	1191322	1199943	1205260
3	1191256	1199887	1205132
3	1190999	1199518	1204991
3	1190332	1198914	1204278
1	1211571
1	1211945
1	1211925
1	1211542
0
5	1185648	1197629	1221746	1228827	1229920
5	1185881	1198036	1222165	1229151	1230232
5	1185851	1197926	1222105	1229184	1230082
5	1185619	1197685	1221751	1228736	1229976
2	1184942	1196989
4	1190438	1192087	1194128	1208786
3	1190825	1192504	1209162
4	1190793	1192415	1196613	1209114
5	1190412	1192112	1194181	1208774	1209813
2	1189814	1191487
2	1199229	1205325
2	1199658	1205786
3	1199526	1200714	1205672
2	1199315	1205392
1	1204744
1	1220586
1	1221003
1	1220919
1	1220621
0
4	1126464	1211179	1215492	1216305
3	1126730	1211605	1215971
3	1126250	1211513	1215870
4	1126906	1211226	1215558	1216367
3	1210579	1214920	1216352
3	1207632	1210860	1213385
2	1208161	1211352
2	1208038	1211258
3	1207707	1210906	1213393
0
2	1198236	1214928
2	1198699	1215415
2	1198656	1215244
2	1198224	1215059
1	1197652
3	1190102	1203918	1211121
3	1190494	1204310	1211568
3	1190408	1204303	1211523
3	1190137	1203871	1211111
2	1189478	1203299
0
0
0
0
0
5	1208920	1211732	1214536	1218532	1236765
4	1209344	1212302	1218951	1236555
3	1209287	1212143	1236512
5	1208923	1211840	1214634	1218547	1236769
2	1213999	1235852
6	1196534	1207391	1209173	1214448	1223255	1232344
6	1196960	1207827	1209685	1214937	1223796	1232801
6	1196847	1207783	1209567	1214815	1223623	1232709
6	1196598	1207381	1209243	1214524	1223381	1232396
4	1195929	1208605	1213881	1222706
7	1191609	1196036	1198249	1206265	1208119	1221526	1223633
5	1192013	1196369	1206677	1221989	1224081
6	1191981	1196387	1198571	1206634	1221912	1224005
6	1191586	1195982	1198207	1206249	1221552	1223684
4	1190993	1197600	1220938	1223056
1	1202755
1	1203173
2	1203057	1204248
1	1202820
1	1202149
0
0
0
0
0
2	1218203	1218944
2	1218710	1219463
1	1218609
2	1218251	1219006
1	1217640
3	1200685	1224722	1225615
3	1201120	1225131	1226004
3	1201068	1225105	1226058
3	1200686	1224689	1225616
0
2	1210191	1226878
2	1210722	1227355
2	1210536	1227236
2	1210336	1226945
1	1226304
2	1212213	1217097
2	1212643	1217503
3	1212566	1217460	1218435
2	1212242	1217083
1	1216460
0
0
0
0
0
5	1194841	1195730	1200188	1202784	1206592
3	1195267	1196061	1203183
4	1195167	1196018	1203112	1206978
2	1194901	1200210
1	1194228
3	1194434	1195405	1199550
2	1194872	1195954
3	1194721	1195880	1199890
2	1194534	1195653
0
0
0
0
0
0
2	1218957	1219722
2	1219384	1220145
2	1219283	1220017
2	1219004	1219790
1	1219121
0
0
0
0
0
4	1203216	1204245	1212513	1222006
4	1203695	1204715	1212983	1222383
4	1203522	1204546	1212849	1222348
4	1203334	1204542	1212593	1222002
1	1211932
2	1216897	1224455
2	1217273	1224804
3	1217228	1218284	1224784
2	1216889	1224422
2	1216259	1223809
4	1199713	1204014	1205477	1212830
3	1200138	1204444	1213306
3	1200082	1204383	1213204
4	1199721	1204026	1205488	1212882
1	1212250
3	1214642	1224713	1225632
3	1214936	1225167	1226302
3	1214990	1225081	1225960
3	1214540	1224744	1225614
1	1213968
3	1207299	1225017	1225850
3	1207823	1225438	1226253
3	1207667	1225355	1226179
3	1207407	1225055	1225810
0
3	1202070	1204346	1235007
3	1202536	1204791	1235475
3	1202456	1204716	1235373
3	1202090	1204375	1235056
2	1201488	1234416
1	1193840
1	1194217
1	1194189
1	1193813
1	1193209
2	1213648	1215144
2	1214122	1215595
2	1214014	1215536
2	1213717	1215161
1	1214555
3	1185681	1191693	1204493
3	1186082	1192026	1204822
3	1185954	1192045	1204808
3	1185763	1191634	1204453
3	1185063	1191035	1203838
2	1188768	1214049
2	1189104	1214500
2	1189151	1214378
3	1188677	1190234	1214131
2	1188062	1213463
3	1155315	1201350	1205131
3	1155147	1201805	1205685
3	1155196	1201707	1205523
3	1155226	1201399	1205246
1	1204593
3	1201965	1204677	1210103
3	1202387	1205108	1210579
3	1202341	1205035	1210492
3	1201952	1204710	1210144
3	1201354	1204050	1209525
4	1195614	1196432	1217186	1218333
4	1196037	1196888	1217662	1218768
4	1196017	1196946	1217540	1218659
4	1195578	1196451	1217264	1218739
1	1195008
3	1197423	1199602	1209338
3	1197861	1200015	1209665
3	1197785	1199948	1209646
3	1197450	1199625	1209296
2	1196816	1198995
4	1196779	1198854	1210839	1229876
4	1197148	1199228	1211309	1230234
5	1197118	1199131	1211204	1230210	1231253
4	1196756	1198910	1210888	1229847
4	1196149	1198234	1210258	1229233
1	1209935
1	1210377
2	1210305	1211284
1	1209965
0
4	1107925	1108932	1188288	1213218
4	1107826	1108830	1188654	1213728
4	1108090	1108923	1188605	1213615
4	1107631	1108601	1188288	1213283
2	1187650	1212654
4	1199586	1200523	1214516	2414582
4	1199999	1200884	1214947	2414968
4	1199939	1200853	1214857	2414841
4	1199591	1200520	1214556	2414652
3	1198962	1200679	1213903
2	1201380	1236648
2	1201804	1236964
2	1201689	1237024
2	1201454	1236535
1	1235990
2	1199491	1208225
2	1199902	1208682
2	1199836	1208596
2	1199507	1208277
1	1198883
3	1164372	1207294	1246895
3	1164769	1207555	1246657
3	1164691	1207536	1246527
3	1164401	1207259	1246988
0
3	1204880	1206934	1209248
2	1205338	1207466
2	1205248	1207315
2	1204922	1207067
2	1204293	1208665
2	1198437	1205357
2	1198841	1205704
2	1198804	1205669
2	1198418	1205349
1	1197822
2	1208962	1213426
2	1209454	1213938
2	1209326	1213807
2	1209042	1213511
1	1208385
0
0
0
0
0
1	1199673
1	1200031
1	1199997
1	1199656
0
3	1179523	1182495	1223607
3	1179789	1182880	1224037
2	1179827	1223959
3	1179435	1182586	1223638
1	1178840
3	1201928	1212314	1213323
3	1202347	1212774	1213632
3	1202267	1212663	1213637
3	1201961	1212383	1213407
1	1201453
0
0
0
0
0
4	1191973	1202171	1203289	1238409
5	1192309	1202619	1203627	1238753	1239471
5	1192261	1202506	1203583	1238784	1239527
5	1191968	1202368	1203611	1238326	1239091
2	1191327	1201664
5	1190930	1202636	1203465	1220000	1220864
5	1191225	1203021	1203903	1220469	1221289
5	1191077	1202951	1203711	1220380	1221199
5	1191030	1202655	1203410	1220044	1220893
2	1190241	1202006
3	1206939	1209117	1220967
2	1209602	1221377
2	1209411	1221312
2	1209163	1220985
0
3	1219226	1221869	1237589
3	1219750	1222372	1237926
3	1219562	1222214	1237967
3	1219373	1221978	1237496
2	1218678	1236943
4	1170171	1187630	1204008	1207112
4	1170371	1187924	1204513	1207520
4	1170456	1187968	1204381	1207459
4	1170032	1187525	1204093	1207103
2	1169441	1203442
1	1205265
1	1205704
1	1205622
1	1205295
1	1204667
3	1196236	1218396	1247024
3	1196629	1218379	1247436
4	1196643	1218170	1247455	1248347
3	1196176	1218557	1246962
2	1217570	1246412
2	1217365	1219218
2	1217622	1219795
2	1217601	1219619
2	1217336	1219369
2	1216671	1220011
4	1191596	1218742	1219616	1236506
3	1192003	1220095	1236784
4	1191987	1219102	1219966	1236846
4	1191554	1218798	1219703	1236395
2	1219048	1235808
0
0
0
0
0
2	1213490	1214518
2	1213960	1214917
2	1213831	1214972
2	1213566	1214737
2	1212909	1216539
4	1199733	1205419	1210845	1213571
4	1200143	1205728	1211313	1214039
4	1200075	1205663	1211212	1213927
3	1199749	1205438	1210892
2	1204759	1212955
1	1206975
1	1207469
1	1207375
1	1207024
1	1206400
2	1221514	1249260
2	1221924	1249633
2	1221872	1249642
2	1221516	1249198
1	1248634
2	1198044	1209689
3	1198428	1199282	1210109
3	1198402	1199249	1210076
3	1198013	1198913	1209673
2	1197419	1209681
6	1174882	1197726	1202648	1203542	1217737	1218898
5	1175295	1198120	1202448	1218194	1219330
6	1175250	1198029	1202778	1203687	1218080	1219220
5	1174876	1197769	1202273	1217792	1218970
1	1197107
2	1186782	1198434
2	1187023	1198907
2	1187082	1198758
2	1186674	1198538
1	1186085
2	1187586	1197538
2	1188064	1197995
2	1187948	1197876
2	1187672	1197600
1	1187318
4	1202364	1211982	1220730	1302657
4	1202797	1212382	1221134	1302518
4	1202697	1212396	1221028	1302381
4	1202416	1211915	1220786	1302763
3	1201766	1220098	1301776
2	1192928	1213566
2	1193343	1214055
2	1193198	1213927
2	1193026	1213639
0
2	1213434	1215030
2	1213886	1215481
2	1213771	1215354
2	1213490	1216500
1	1212843
3	1202442	1214970	1220780
3	1202902	1215462	1221216
3	1202840	1215334	1221170
3	1202457	1215052	1220767
2	1214403	1220181
3	1196990	1250573	1252319
3	1197380	1250942	1252389
4	1197326	1198327	1250552	1251976
3	1196987	1250932	1252369
0
4	1199049	1213174	1218633	1224531
4	1199386	1213633	1219103	1224986
4	1199421	1213527	1214612	1224900
4	1198964	1213230	1218724	1224570
3	1212589	1218029	1223947
3	1206178	1213254	1215118
3	1206689	1213691	1215534
3	1206576	1213531	1215478
3	1206240	1213371	1215100
3	1205615	1212663	1214481
2	1207221	1289771
2	1207680	1289234
2	1207589	1289408
2	1207269	1289555
2	1206633	1288688
3	1192021	1209597	1213609
3	1192469	1210055	1214102
3	1192356	1209985	1213985
3	1192084	1209609	1213680
2	1191430	1213032
3	1198824	1211777	1214562
3	1199281	1212228	1215000
3	1199136	1212150	1214924
3	1198931	1211802	1214585
3	1198234	1211182	1213965
3	1178353	1179354	1195080
3	1178827	1179816	1195542
3	1178674	1179671	1195384
3	1178468	1179543	1195187
1	1194490
5	452807	453774	1197146	1211301	1223907
5	452465	453421	1197575	1211816	1224352
5	452355	453322	1197507	1211681	1224289
5	452890	453833	1197162	1211383	1223922
2	1210744	1223314
3	1195490	1197248	1211997
3	1195790	1197628	1212460
3	1195830	1197542	1212342
3	1195410	1197445	1212066
0
1	1216481
1	1217004
1	1216882
1	1216551
1	1215926
2	1207022	1221483
2	1207519	1221914
2	1207420	1221831
2	1207075	1221517
2	1206448	1220882
4	1202975	1206177	1221315	1223763
4	1203384	1206678	1221728	1224226
4	1203385	1206574	1221653	1224113
4	1202923	1206230	1221331	1223835
1	1223182
3	1196660	1205977	1236198
3	1197087	1206370	1235939
4	1197023	1198061	1206269	1236182
4	1196667	1198258	1206035	1235913
3	1196050	1205343	1235250
0
0
0
0
0
3	1199051	1204154	1209082
3	1199407	1204527	1209524
3	1199400	1204527	1209456
3	1199006	1204105	1209093
3	1198413	1203521	1208484
3	1189947	1193345	1197966
3	1190191	1193762	1198438
3	1190230	1193668	1198339
3	1189859	1193397	1198016
3	1189241	1192736	1197386
3	1196573	1199186	1212722
3	1196983	1199624	1213094
3	1196911	1199562	1213045
3	1196593	1199196	1212722
3	1195963	1198587	1212094
5	1197502	1198771	1207582	1209916	1239584
5	1197885	1199195	1208009	1210423	1239973
4	1197801	1199063	1207944	1240036
4	1197537	1198832	1207595	1239473
2	1209355	1238946
4	1204832	1205659	1220486	1222057
3	1205353	1206128	1220940
4	1205183	1206039	1220809	1222360
4	1204981	1205938	1220569	1222047
1	1219895
1	1203822
1	1204260
1	1204185
1	1203840
1	1203208
3	1194553	1196393	1200404
2	1194953	1196516
2	1194942	1196570
3	1194515	1196179	1200447
1	1199807
0
0
0
0
0
4	1165122	1183529	1202516	1214944
4	1165426	1183824	1202915	1215412
4	1165425	1183924	1202831	1215313
4	1165070	1183370	1202542	1214986
1	1182861
2	1203038	1218276
2	1203485	1218560
2	1203414	1218600
2	1203057	1218181
2	1202454	1217600
1	1218904
1	1219296
1	1219250
1	1218901
1	1218287
1	1224211
1	1224709
1	1224528
1	1224344
1	1223648
4	1194632	1198599	1205676	1208267
4	1194975	1198907	1206057	1208651
3	1194988	1198922	1206024
4	1194571	1198533	1205659	1208240
3	1197938	1205053	1207633
2	1165116	1222588
2	1165586	1223080
2	1165467	1222928
2	1165192	1222688
0
0
0
0
0
0
8	1197039	1197947	1200672	1203996	1217897	1218952	1470681	1471685
5	1197435	1198455	1218323	1219500	1470211
6	1197337	1198279	1204302	1218221	1219395	1470218
6	1197099	1198017	1217949	1219145	1470638	1472061
3	1203347	1217295	1469628
1	1202671
1	1203122
1	1203049
1	1202702
0
4	1184285	1207320	1208292	1214899
4	1184684	1208688	1215352	1216392
4	1184663	1208628	1215238	1216327
4	1184254	1208303	1214967	1216396
3	1183663	1214311	1216365
3	1211271	1235631	1236413
3	1211706	1235937	1236818
4	1211639	1212659	1236005	1236882
3	1211293	1235518	1236374
1	1234967
5	1160258	1200918	1205733	1207385	1214142
4	1160162	1201425	1206125	1214638
4	1159987	1206077	1207718	1214521
5	1160401	1201052	1205733	1207398	1214203
3	1159403	1206751	1213570
2	1196439	1209741
2	1196841	1210254
2	1196732	1210147
2	1196492	1209800
0
6	1192069	1196556	1197581	1198344	1216167	1217568
4	1192422	1197009	1216598	1217962
4	1192430	1196865	1216541	1217870
5	1192011	1196654	1197697	1216057	1217631
1	1197965
4	1198171	1202070	1221532	1230364
4	1198610	1202516	1221960	1230829
4	1198509	1202442	1221892	1230756
4	1198218	1202103	1221543	1230385
2	1197551	1201479
4	1194049	1196829	1209387	1213154
4	1194504	1197159	1209816	1213692
4	1194297	1195590	1209748	1213419
5	1194206	1195553	1197993	1209403	1213395
3	1193415	1196154	1208785
0
0
0
0
0
2	1199632	1204422
2	1199982	1204752
2	1199937	1204739
2	1199625	1204385
1	1198990
4	1196717	1205600	1207514	1217825
3	1197090	1206009	1218313
5	1197097	1205965	1206974	1208667	1218177
4	1196661	1205593	1207209	1217916
2	1196089	1204980
5	1185259	1188037	1194880	1199112	1219890
5	1185604	1188455	1195304	1199526	1220407
5	1185534	1188322	1195207	1199442	1220190
5	1185279	1188105	1194924	1199142	1220052
5	1184614	1187424	1194275	1198504	1219327
0
0
0
0
0
3	1201434	1213765	1215558
3	1201883	1214279	1216118
4	1201813	1214107	1215966	1217754
3	1201455	1213892	1215664
3	1200843	1213204	1215019
0
0
0
0
0
2	1196091	1199924
2	1196538	1200396
2	1196434	1200241
2	1196146	1200035
0
3	1188432	1195016	1196469
3	1188817	1195441	1196823
3	1188757	1195328	1196592
3	1188447	1195085	1196432
2	1194410	1195830
3	1188444	1195596	1237436
3	1188830	1196059	1237926
3	1188748	1195959	1237813
4	1188483	1195650	1228503	1237500
2	1187810	1195013
5	1204695	1207575	1209064	1217302	1221756
4	1205162	1208073	1217784	1222287
4	1205060	1206164	1217642	1221857
4	1204752	1207647	1209201	1217402
3	1204111	1216732	1221204
3	1174646	1197632	1200015
3	1174997	1198028	1200462
3	1174916	1197894	1200361
3	1174680	1197723	1200058
3	1174009	1197015	1199427
3	1204298	1219471	2398208
3	1204773	1219873	2398926
3	1204683	1219813	2398506
3	1204336	1219482	2398598
1	2397731
1	1223461
1	1223829
2	1223787	1224895
1	1223451
1	1222824
3	1206207	1230932	1231902
3	1206641	1231335	1232218
3	1206598	1231295	1232275
3	1206181	1230926	1231880
0
2	1197933	1214301
2	1198247	1214162
3	1198181	1214467	1215344
2	1197948	1213944
2	1197273	1213416
1	1191770
1	1192116
1	1192055
1	1191787
0
5	1203406	1213707	1214673	1227865	1228693
4	1203810	1214179	1215155	1228247
5	1203766	1214104	1215075	1227716	1231120
5	1203396	1213732	1214736	1228355	1229186
2	1202789	1213130
2	1205120	1207026
2	1205555	1206996
1	1205485
2	1205147	1206658
0
1	1192285
1	1192757
1	1192630
1	1192364
1	1191705
3	1195263	1211571	1223480
3	1195669	1211786	1223915
3	1195577	1211826	1223834
3	1195307	1211484	1223511
1	1194646
2	1193003	1206679
2	1193441	1207040
3	1193341	1206958	1208048
2	1193057	1206710
2	1192407	1206042
0
0
0
0
0
04/30/2018 00:11:36	04/30/2018 00:24:50
