9	1518034	1520613	1529682	1536327	1537832	1544523	1550746	1553992	1570396
10	1517754	1520344	1521677	1529441	1531473	1536045	1540522	1550490	1553678	1570491
8	1517888	1520505	1529586	1536174	1544391	1550624	1553846	1570425
10	1517842	1520403	1521769	1529485	1531564	1536136	1540610	1550560	1553784	1570404
8	1517082	1521028	1522978	1529318	1535602	1539853	1549809	1553022
10	1486963	1488567	1512630	1516731	1518922	1525591	1532079	1544567	1546722	1552559
8	1487218	1512396	1516560	1525339	1531827	1544344	1547578	1552338
9	1487105	1512598	1516674	1518884	1525516	1531994	1544515	1546713	1552517
8	1487019	1512387	1516584	1525380	1531859	1544345	1546614	1552335
7	1486263	1515837	1517980	1524652	1531147	1543640	1551637
7	1517566	1527772	1529083	1535407	1536706	1547695	1555060
8	1517230	1527598	1528961	1535196	1540073	1542991	1547389	1554779
7	1517419	1527679	1529012	1535316	1536674	1547546	1554919
8	1517316	1527636	1529315	1535236	1538173	1543032	1547503	1554872
6	1534494	1536093	1539683	1542318	1546734	1554109
7	1511484	1514779	1526843	1531786	1537706	1539450	1545669
7	1511470	1514615	1526608	1531519	1537426	1541096	1545379
7	1511518	1514737	1526785	1531670	1537597	1539403	1545523
7	1511384	1514610	1526617	1531579	1537477	1541051	1545446
6	1513895	1525915	1530834	1536750	1540348	1544706
4	1519370	1520662	1530142	1539146
6	1519092	1520324	1524074	1529825	1538884	1541871
4	1519300	1520517	1530010	1539003
6	1519112	1520473	1524167	1529914	1538979	1541975
2	1529179	1541192
9	1509944	1514299	1520971	1523378	1528150	1533356	1539053	1544358	1546791
6	1509812	1514200	1520735	1526604	1533197	1544061
9	1509979	1514267	1520868	1523263	1528049	1533327	1538955	1544256	1546708
7	1509734	1514165	1520791	1526625	1533170	1538892	1544111
7	1509070	1513410	1520060	1532456	1534918	1538059	1545863
5	1519092	1521537	1524461	1538800	1540686
4	1518755	1521271	1538606	1540409
5	1519000	1521423	1524336	1538704	1540580
4	1518803	1521324	1538653	1540473
3	1520591	1523523	1537891
9	1498715	1501291	1509880	1516571	1524283	1536062	1541209	1551480	1554765
7	1498492	1501048	1509647	1516230	1523995	1535820	1551133
9	1498689	1501169	1509781	1516387	1524183	1536004	1541099	1551293	1554703
7	1498483	1501116	1509699	1516373	1524047	1535804	1551277
11	1497781	1500362	1508953	1515594	1523328	1525885	1528964	1535889	1540253	1550472	1553815
9	1494979	1504282	1516824	1521854	1532168	1538048	1553499	1556322	3667689
12	1494723	1504097	1516450	1521610	1522416	1526697	1531908	1534664	1538929	1553205	1555946	3667434
11	1494917	1504237	1516694	1521756	1522608	1532106	1534864	1539130	1553399	1556135	3667552
11	1494732	1504102	1516529	1521643	1522437	1531916	1537851	1542082	1553254	1556090	3667529
8	1515825	1520917	1527015	1532596	1534058	1537157	1552538	1555317
10	1506480	1507670	1512346	1524205	1525647	1529930	1533466	1542761	1549527	1561546
11	1506159	1512084	1523904	1525461	1526237	1531087	1535823	1542540	1544571	1549175	1561355
10	1506366	1507631	1512231	1524104	1525562	1529830	1533479	1542730	1547509	1561469
11	1506223	1512142	1523959	1525465	1526330	1531198	1535807	1542517	1546250	1549234	1561375
8	1505506	1523242	1524742	1530402	1532583	1535089	1545567	1548537
9	1498071	1508186	1512710	1514718	1520830	1525918	1531957	1535354	1548505
9	1497785	1507907	1512392	1514377	1520529	1525664	1531750	1533645	1548288
9	1497902	1508082	1512524	1514557	1520737	1525827	1531824	1535195	1548406
9	1497914	1507963	1512539	1514489	1520567	1525716	1531831	1533791	1548339
9	1497116	1507233	1511741	1513733	1519863	1524977	1531040	1533011	1534345
8	1492941	1505705	1516438	1521046	1527806	1539930	1543314	1563673
9	1492532	1505381	1516242	1520794	1527535	1536362	1541490	1547239	1563355
8	1492631	1505587	1516407	1520999	1527722	1539868	1543234	1563564
9	1492802	1505448	1516225	1520800	1527572	1531412	1541568	1547340	1563412
6	1515526	1520447	1528076	1530694	1532840	1562701
6	1512689	1513544	1520074	1524373	1533358	1555963
6	1512453	1513281	1516297	1526135	1533042	1555844
6	1512582	1513445	1526266	1533210	1535255	1555941
8	1512518	1513332	1519842	1524120	1528062	1533099	1537112	1555817
5	1511763	1515916	1520846	1533403	1555089
7	1512101	1522435	1524196	1529551	1538551	1547109	1587976
7	1511810	1522281	1524096	1526411	1536045	1546958	1588131
8	1512014	1522332	1524149	1526533	1532884	1535913	1547065	1588027
7	1511843	1522344	1524097	1529367	1538387	1546936	1588033
8	1511143	1521545	1523339	1525676	1528651	1532869	1546220	1587233
7	1509454	1514321	1524892	1532046	1534906	1538715	1551252
10	1509187	1513983	1514757	1517487	1523969	1528489	1531863	1537172	1542814	1550985
10	1509327	1514164	1516559	1517532	1524057	1528684	1531964	1537317	1545175	1551150
8	1509268	1514093	1516437	1519577	1534732	1538539	1542806	1551026
8	1523265	1524580	1527818	1531144	1539314	1542067	1544345	1550301
9	1507206	1508460	1516782	1524494	1530427	1535279	1547331	1548529	1581110
10	1506922	1516472	1524229	1525002	1527574	1535124	1538167	1542116	1547094	1580942
11	1507104	1516670	1524363	1525190	1527661	1530325	1535249	1542256	1547233	1548452	1581078
9	1506980	1516535	1524320	1525178	1535103	1538134	1542203	1547144	1580923
8	1506249	1515815	1523549	1525182	1534377	1546399	1547559	1580211
7	1523428	1524771	1529433	1534896	1538707	1548744	1563608
9	1523178	1524545	1526944	1531872	1536688	1542300	1548475	1551936	1563320
8	1523330	1524654	1531956	1536759	1542348	1548582	1552001	1563496
7	1523227	1524628	1529314	1534717	1538485	1548584	1563379
8	1522489	1523868	1528555	1533939	1541615	1547797	1551215	1562648
8	1517442	1518565	1524304	1529660	1530506	1539610	1546388	1561297
8	1517116	1518077	1524091	1529503	1532883	1538486	1546191	1560996
8	1517335	1518198	1524247	1529630	1530468	1539586	1546343	1561263
7	1517169	1518224	1524084	1529477	1538428	1546186	1560976
4	1516458	1528766	1532500	1538719
5	1509966	1511086	1521660	1534703	1560767
8	1509645	1510711	1514596	1521320	1523063	1528103	1534504	1560443
9	1509783	1510933	1514744	1521479	1523270	1528228	1534602	1537166	1560587
7	1509785	1510796	1515980	1521450	1525393	1534559	1560577
6	1514541	1520682	1524633	1528058	1533798	1559792
9	1501027	1502278	1509448	1522893	1524381	1528044	1541677	1559370	1573621
12	1500738	1502039	1509065	1512462	1522726	1525598	1530836	1534799	1541458	1544856	1559114	1573446
9	1500929	1502252	1509251	1522848	1524322	1527970	1541619	1559268	1573609
11	1500787	1502015	1509215	1512502	1522726	1525546	1530872	1541464	1544851	1559158	1573405
10	1500072	1501355	1508445	1511793	1523476	1527094	1530145	1540759	1544111	1572717
7	1512402	1517464	1530300	1535337	1541341	1546710	1560868
7	1512112	1517107	1524803	1536897	1541122	1546436	1560665
8	1512230	1517354	1520378	1530196	1535138	1541243	1546599	1560838
7	1512244	1517168	1524927	1536942	1541162	1546485	1560636
9	1511449	1516471	1519520	1524160	1528095	1531464	1536197	1540713	1545752
9	1489757	1516112	1516984	1523234	1525810	1529689	1534270	1544380	1554585
7	1489499	1515959	1516683	1523041	1526989	1536398	1554427
9	1489681	1516095	1516899	1523145	1525728	1529584	1536500	1544320	1554592
8	1489523	1515927	1516728	1523098	1527008	1536455	1540393	1554371
8	1515224	1518196	1522299	1524878	1531874	1537271	1543485	1553696
10	1493177	1498606	1512593	1513672	1523379	1528604	1534447	1538197	1554434	1596207
11	1492905	1498264	1512304	1513457	1523081	1528305	1530240	1539192	1544851	1554084	1595870
11	1493034	1498474	1512413	1513558	1523270	1528458	1530411	1536162	1544930	1554262	1596043
10	1493027	1498348	1512439	1513501	1523140	1528404	1534275	1537953	1554217	1595984
10	1492191	1497619	1511635	1522413	1527882	1529601	1533525	1537233	1553443	1595224
8	1517262	1518211	1528809	1532544	1539214	1554402	1564802	1566010
9	1517030	1518557	1522793	1526113	1530993	1539000	1544796	1554097	1564592
8	1517162	1518152	1528736	1532453	1539124	1554274	1564723	1565926
8	1517084	1517957	1522805	1526110	1530988	1544854	1554171	1564623
7	1516660	1526035	1530533	1531997	1538299	1553439	1563887
13	1503200	1513490	1519630	1520700	1522167	1528813	1531279	1536098	1541908	1545060	1551154	1554355	1571284
10	1502929	1513291	1519259	1520139	1528499	1538749	1543406	1550851	1553953	1571046
12	1503105	1513434	1519409	1520285	1522010	1528730	1531165	1541734	1544903	1551021	1554162	1571238
11	1502977	1513300	1519427	1520481	1528538	1533078	1538896	1543561	1550941	1554171	1571042
12	1502253	1512572	1518630	1521160	1528958	1531711	1533904	1538099	1540916	1550192	1553309	1570348
10	1503792	1505023	1509602	1516047	1521648	1528039	1532676	1541715	1553266	1556635
11	1503244	1504446	1509396	1515815	1521455	1527906	1530671	1535079	1541457	1552956	1559089
12	1503541	1504860	1509502	1515957	1521631	1528027	1530794	1535233	1541626	1544865	1553156	1559212
11	1503456	1504785	1509470	1515851	1521422	1527881	1532541	1541498	1546220	1553025	1556349
9	1508594	1515119	1520738	1529986	1531777	1540780	1544036	1555668	1558394
5	1506116	1521032	1522424	1533224	1536699
6	1505744	1520618	1521375	1525506	1532921	1536405
5	1505928	1520870	1522327	1533139	1536545
6	1505887	1520733	1521484	1525543	1532954	1536515
6	1505115	1520013	1521553	1524815	1532256	1535740
10	1491756	1515472	1517613	1523338	1525882	1529248	1533234	1540119	1543036	1548275
8	1491602	1515219	1517413	1523152	1533050	1539901	1548072	1549124
10	1491766	1515398	1517543	1523290	1525765	1529142	1533149	1540028	1543022	1548200
8	1491546	1515249	1517440	1523156	1533093	1539946	1548105	1549182
9	1490869	1522436	1524936	1528310	1532338	1534260	1539205	1542166	1547364
5	1481170	1510708	1519492	1521465	1533562
5	1480860	1510373	1519121	1521147	1533354
6	1480976	1510596	1519307	1521309	1533470	1534249
5	1481017	1510437	1519267	1521249	1533386
4	1480204	1509727	1518498	1520471
8	1507290	1513019	1514719	1515940	1521028	1529578	1539781	1543846
8	1507048	1512763	1514569	1520853	1529319	1532955	1539638	1540824
8	1507206	1512938	1514635	1515862	1520996	1529502	1539747	1543798
8	1507083	1512800	1514747	1520822	1529348	1532925	1539622	1540816
6	1512083	1515008	1521305	1528638	1532159	1542964
9	1503940	1509055	1511569	1517486	1524872	1532039	1532742	1549796	1556740
10	1503557	1508731	1511370	1517219	1524503	1525673	1531720	1536846	1549475	1556513
10	1503707	1508870	1510210	1512490	1517333	1524730	1531860	1536993	1549611	1556661
8	1503744	1508884	1511837	1517322	1524603	1531812	1549618	1556540
9	1502937	1511033	1516541	1523878	1526077	1532748	1536225	1539134	1548820
9	1514760	1516044	1519294	1529306	1533487	1538414	1542106	1548471	1565386
6	1514531	1515780	1529122	1533204	1545034	1565226
9	1514676	1515937	1519177	1529234	1533345	1538344	1542012	1548351	1565380
7	1514572	1515843	1529148	1533302	1545017	1548237	1565183
9	1515107	1518395	1520656	1521672	1532530	1538209	1544326	1547461	1564488
11	1510389	1517575	1518863	1523757	1537261	1542201	1547555	1551428	1566013	1600672	1614377
13	1510168	1517273	1518606	1523521	1525947	1532063	1534801	1539532	1547406	1548743	1565771	1600507	1614469
11	1510326	1517470	1518759	1523694	1537203	1542083	1547487	1551369	1565923	1600674	1614334
13	1510182	1517328	1518716	1523533	1525890	1532109	1534871	1539560	1547447	1548758	1565811	1600452	1614455
12	1509466	1516610	1518864	1522837	1526727	1528254	1531375	1534115	1536338	1539819	1546680	1565077
7	1515906	1517165	1525304	1530916	1538677	1550470	1562238
6	1515642	1525082	1527140	1535950	1550119	1562011
7	1515810	1525249	1527302	1530832	1538556	1550370	1562159
5	1515689	1525087	1527186	1550172	1562039
9	1514962	1524383	1529970	1531725	1535201	1537752	1540864	1549481	1561313
8	1513536	1514687	1519097	1521754	1529960	1534376	1540425	1548520
8	1513186	1518823	1521440	1524596	1529643	1534210	1537956	1548308
7	1513341	1514585	1519000	1529805	1534299	1540303	1548387
7	1513341	1514526	1524733	1529740	1534237	1538030	1548398
6	1512550	1521908	1523983	1528987	1533485	1537232
10	1513303	1514435	1520826	1525303	1528743	1537025	1541287	1543010	1547069	1564463
8	1512996	1514144	1517788	1522113	1528512	1541088	1546827	1564241
10	1513211	1514328	1520688	1525214	1528691	1534882	1541249	1542941	1547019	1564360
8	1513047	1514164	1517845	1522228	1528520	1541080	1546830	1564292
7	1512329	1517101	1520396	1528701	1536183	1542101	1546137
9	1481218	1496177	1508440	1526368	1527334	1530253	1540184	1549761	1572195
9	1480884	1495932	1508060	1526163	1526962	1539842	1541608	1549492	1571963
9	1481005	1495992	1508252	1526284	1527129	1530125	1540001	1549605	1572099
8	1481055	1496086	1508204	1526201	1527110	1539980	1549612	1572013
8	1480242	1507439	1525452	1526637	1539203	1540985	1548817	1571267
7	1471938	1505864	1507076	1514416	1521440	1536742	1540758
7	1472062	1505578	1514219	1521291	1536489	1540589	1541831
8	1471890	1505744	1514409	1521466	1522665	1536661	1540769	1541981
6	1472050	1505650	1514170	1521229	1536531	1540554
2	1504910	1520440
7	1493800	1497636	1505062	1515719	1521077	1535888	1547802
9	1493437	1497296	1504758	1507441	1515491	1520801	1524887	1535595	1547342
9	1493601	1497455	1504895	1507623	1515618	1520931	1525038	1535801	1547614
9	1493597	1497437	1504887	1508712	1515535	1520888	1522482	1535630	1547488
8	1492806	1496661	1504104	1507058	1514794	1520111	1524190	1534928
12	1497074	1498364	1510466	1511493	1515984	1521060	1526298	1530837	1542306	1544559	1548577	1553255
10	1496866	1510196	1511066	1518431	1526091	1527978	1532386	1542040	1548338	1552998
7	1496951	1510442	1511385	1526211	1530768	1542232	1544467
11	1496953	1510166	1511121	1515768	1518422	1526139	1528062	1532391	1542063	1548406	1553021
9	1496159	1509514	1515666	1517727	1520095	1525383	1527298	1541360	1543621
7	1521601	1522707	1528056	1532502	1539338	1542801	1550778
6	1521286	1525248	1526597	1539026	1544226	1550491
7	1521468	1525272	1526772	1529789	1539153	1544366	1550650
7	1521367	1525359	1527839	1532280	1539168	1540962	1550572
7	1524506	1525967	1531544	1538366	1540073	1543572	1549826
9	1500537	1506669	1511416	1523949	1527824	1532415	1537063	1547773	1569986
9	1500347	1506355	1511078	1515943	1523607	1527623	1532227	1547517	1569767
11	1500503	1506529	1511325	1516030	1523819	1527740	1532349	1537057	1547717	1569971	1571144
9	1500341	1506442	1511147	1515989	1523706	1527641	1532259	1547527	1569729
8	1505697	1512228	1522937	1528094	1531807	1536114	1546830	1569059
6	1517572	1525916	1526834	1528109	1537682	1547846
7	1517238	1525638	1526514	1532212	1535707	1541201	1544155
5	1517422	1525782	1532337	1535761	1541340
6	1517340	1525732	1526561	1537514	1542242	1547617
8	1516594	1525246	1528848	1531518	1535010	1540530	1542188	1546842
9	1514946	1517024	1520322	1524802	1530706	1533523	1546687	1549838	1565783
8	1514817	1516769	1521968	1526323	1530375	1535082	1546354	1565639
9	1514900	1516988	1520228	1524713	1530574	1533415	1546526	1549689	1565771
8	1514821	1516742	1522027	1526283	1530482	1535793	1546454	1565601
8	1514075	1516080	1521219	1524303	1525559	1535085	1546090	1564902
7	1515217	1518891	1526090	1530696	1535675	1544260	1549852
10	1514843	1518608	1520694	1525782	1530451	1532669	1537030	1544043	1549661	1551063
7	1515023	1518790	1525955	1530597	1535551	1544223	1549797
9	1514991	1518650	1520735	1525855	1530506	1532653	1537123	1544024	1549667
9	1514219	1517933	1520037	1525123	1531965	1534720	1536637	1543337	1548944
7	1518363	1519752	1525179	1529093	1534580	1538094	1550582
6	1518113	1519661	1528784	1531015	1540880	1550426
7	1518281	1519909	1525079	1528968	1536746	1541042	1550563
6	1518145	1519614	1524949	1528853	1534381	1550396
7	1517428	1518980	1524225	1529498	1534480	1537174	1540166
8	1519646	1520581	1526032	1528598	1533479	1537486	1543915	1556436
7	1519318	1520249	1525690	1529920	1535589	1539289	1556136
8	1519482	1520444	1525871	1528475	1533364	1537316	1542898	1556291
8	1519458	1520341	1525822	1530007	1535742	1539376	1543792	1556230
9	1519610	1525044	1527674	1529269	1532565	1534969	1536535	1542986	1555465
9	1491195	1501142	1502817	1510572	1525687	1528048	1535900	1540064	1549418
10	1491121	1501439	1502336	1510271	1525408	1527767	1534395	1539738	1543585	1549220
8	1491117	1501101	1510480	1525575	1527952	1534589	1543768	1549314
11	1491154	1501440	1502307	1510318	1525467	1527814	1530387	1534440	1539788	1543624	1549283
8	1490349	1500460	1524738	1527093	1529590	1534968	1539086	1542907
6	1508013	1523864	1524737	1541944	1576655	3992913
8	1507660	1523564	1524439	1527397	1532463	1541717	1576329	3992748
7	1507866	1523733	1524592	1532629	1541868	1576563	3992841
7	1507764	1523648	1524550	1529622	1541739	1576377	3992778
5	1507030	1522906	1524318	1541016	1575682
9	1497585	1507814	1510263	1511736	1516502	1520582	1529054	1532748	1535869
8	1497466	1507626	1510028	1513465	1519316	1528818	1532454	1537272
8	1497625	1507763	1510242	1511649	1519520	1528964	1532683	1535716
8	1497383	1507628	1509995	1513555	1519372	1528855	1532461	1537267
8	1496715	1507320	1510841	1512037	1514827	1528131	1534868	1536640
9	1512873	1517214	1524817	1526282	1533179	1535707	1542277	1544646	1548850
7	1512553	1516895	1524598	1528987	1532837	1541994	1548547
8	1512718	1517076	1524698	1526147	1532996	1535585	1542108	1544519
8	1512662	1516994	1524671	1529104	1532976	1537171	1542121	1548662
7	1523898	1525364	1528316	1532202	1541321	1544248	1547886
7	1505281	1519793	1521658	1528316	1532215	1536658	1540379
6	1504953	1519514	1521273	1528062	1540123	1543389
7	1505193	1519626	1521467	1528206	1532994	1540304	1543575
7	1505007	1519640	1521420	1528103	1532026	1536398	1540124
5	1518833	1520651	1532118	1533396	1539426
5	1513887	1516501	1526433	1539126	1560851
7	1513621	1516137	1517406	1523456	1532254	1538861	1560678
5	1513796	1516341	1526268	1539007	1560778
7	1513660	1516249	1517514	1523495	1532339	1538918	1560704
7	1512934	1515506	1522791	1525417	1532656	1538170	1559950
7	1504118	1528330	1529783	1538318	1539514	1544396	1567086
8	1503873	1528178	1529658	1533250	1538099	1546110	1551624	1566738
7	1504053	1528288	1529797	1538226	1539486	1544362	1566973
7	1503888	1528172	1529645	1533239	1538138	1551605	1566805
6	1503181	1532528	1537384	1538590	1543458	1547174
7	1519504	1523460	1526797	1532716	1534906	1544222	1554587
8	1519227	1523152	1524544	1527816	1532432	1537644	1541718	1554281
8	1519417	1523332	1526686	1532578	1534734	1541869	1544036	1554436
8	1519263	1523228	1524586	1528133	1532514	1537564	1541830	1554385
8	1525857	1527388	1533949	1537031	1541064	1543275	1544977	1553611
9	1511275	1516670	1517899	1523914	1533888	1540634	1546632	1560588	1564378
9	1511070	1513155	1523775	1526181	1531959	1540476	1546474	1560447	1563979
9	1511266	1516531	1517895	1523881	1533772	1540656	1546598	1560565	1564237
9	1511032	1516500	1523764	1526168	1532076	1540407	1546455	1560415	1564073
9	1510903	1515785	1523036	1524455	1526677	1532942	1539746	1545742	1563331
7	1508655	1511685	1522858	1528067	1536382	1537745	1543364
8	1508376	1511317	1522539	1527748	1532045	1536080	1541118	1545027
8	1508470	1511479	1522700	1527898	1532136	1536199	1541234	1545189
8	1508521	1511482	1522653	1527878	1532350	1536220	1537620	1545140
8	1507704	1510687	1521889	1527098	1531584	1535421	1536822	1544364
9	1511916	1513774	1515778	1523818	1530836	1536435	1544728	1557728	1560816
8	1511744	1513621	1523490	1527028	1536210	1541161	1557383	1560552
10	1511889	1513728	1515666	1523677	1529404	1536334	1538737	1544584	1557605	1558847
8	1511721	1513621	1523590	1527045	1536259	1541161	1557461	1560519
7	1511014	1522824	1526290	1536045	1537296	1540437	1543750
6	1508371	1509507	1518396	1519598	1525926	1545192
5	1508067	1509288	1518106	1525693	1544927
5	1508227	1509447	1518303	1525800	1545108
6	1508164	1509293	1518150	1525752	1530075	1544976
6	1507408	1517436	1525776	1529319	1531036	1544215
6	1510080	1519686	1520593	1527397	1530189	1543117
6	1509812	1511407	1519374	1520351	1527141	1542929
6	1510013	1519604	1520530	1527315	1530088	1543063
6	1509827	1511347	1519410	1520382	1527167	1542938
5	1509120	1518722	1520254	1526458	1542209
8	1515687	1516865	1519816	1527420	1529743	1535769	1540122	1543738
5	1515393	1516856	1527108	1535463	1544803
8	1515563	1516815	1519649	1527250	1529495	1535612	1539964	1543531
6	1515470	1516808	1527231	1535588	1539999	1544946
3	1518881	1526454	1528742
6	1519345	1522506	1531870	1540713	1547781	1553094
7	1519076	1522255	1531664	1540504	1542367	1547530	1552880
8	1519258	1522444	1524817	1531818	1533239	1540625	1542499	1553036
6	1519114	1522277	1531659	1540545	1547503	1552884
6	1518398	1521571	1523927	1530951	1532407	1539797
7	1520810	1522080	1525501	1532429	1537308	1543364	1567146
9	1520561	1521889	1526543	1532195	1537009	1543100	1545660	1549887	1566911
7	1520711	1522022	1525353	1532318	1537133	1543210	1567061
9	1520609	1521910	1526652	1532261	1537147	1543209	1545765	1549994	1566948
7	1519872	1524564	1531500	1542419	1544999	1549214	1566218
9	1524826	1525705	1529472	1534378	1539403	1542775	1548825	1554996	1567355
8	1524581	1525578	1534207	1536727	1540525	1545392	1554956	1567000
9	1524749	1525698	1529080	1534364	1539344	1542709	1548733	1555004	1567242
8	1524616	1525534	1534187	1536724	1540522	1545455	1554894	1567063
7	1523888	1526913	1538462	1540099	1547893	1554168	1566367
11	1433586	1516017	1516805	1523834	1527888	1531502	1536593	1542415	1547838	1556987	1561816
10	1433947	1515740	1518865	1519938	1529249	1533965	1542337	1547562	1556710	1561460
11	1433621	1515950	1516715	1523748	1527794	1531345	1536479	1542321	1547677	1556803	1561665
10	1433872	1515758	1518942	1520031	1529333	1534045	1542454	1547674	1556848	1561570
9	1432954	1515069	1526969	1531308	1533300	1541714	1546862	1556034	1560833
12	1499704	1512523	1517968	1521585	1525943	1530580	1535279	1540591	1543933	1549035	1555988	1572692
8	1499484	1512279	1517844	1521306	1535056	1542093	1555734	1572452
11	1499585	1512522	1517932	1521486	1525884	1530507	1535205	1540542	1549082	1555926	1572659
11	1499555	1512232	1517831	1521355	1525793	1535085	1540381	1542100	1548801	1555747	1572429
11	1498781	1517092	1520636	1525049	1529641	1534356	1539672	1543031	1548159	1555044	1571765
8	1510366	1512618	1516515	1525865	1534591	1540487	1549119	1565847
7	1509996	1512241	1523294	1534325	1543377	1548821	1565497
7	1510200	1512465	1523411	1534444	1543506	1548966	1565653
9	1510112	1512351	1516304	1520577	1525667	1534436	1540291	1548931	1565644
7	1509367	1511618	1519839	1522565	1536009	1548158	1564859
7	1511758	1514499	1515721	1520443	1537427	1538630	1546634
7	1511480	1514275	1517604	1522386	1526735	1537302	1546437
6	1511681	1514450	1520338	1537348	1538605	1546608
7	1511513	1514261	1517691	1522418	1526737	1537336	1546417
8	1510788	1513557	1519491	1523341	1526025	1536553	1537751	1545707
11	1498842	1503121	1508969	1513268	1519748	1522471	1530693	1534891	1539667	1544991	1557045
10	1498492	1502774	1508668	1519459	1523499	1527651	1532580	1536960	1544676	1556782
11	1498699	1502933	1508813	1513103	1519644	1522309	1530602	1534751	1539558	1544830	1556910
10	1498620	1502913	1508768	1519517	1523577	1527741	1532648	1537041	1544790	1556875
11	1497827	1508001	1512255	1521463	1522840	1526968	1528477	1536294	1538708	1544014	1556101
8	1500030	1501266	1521581	1522705	1535083	1537338	1548256	1558740
8	1499744	1521220	1522414	1534822	1537229	1539047	1547977	1558461
9	1499915	1501219	1521383	1522434	1535031	1537314	1539251	1548167	1558593
7	1499818	1521370	1522476	1534828	1537195	1548011	1558555
4	1499077	1520592	1534141	1547303
9	1505072	1513210	1514813	1516983	1518272	1524651	1532161	1543815	1555040
9	1504764	1512889	1514413	1520957	1525410	1530866	1535480	1543400	1554671
10	1504923	1513038	1514594	1518126	1524513	1527127	1532029	1536346	1543592	1554882
10	1504868	1513021	1514567	1516750	1521061	1524415	1531026	1535613	1543571	1554775
6	1512241	1513800	1520963	1530227	1536021	1554039
7	1494532	1513519	1517797	1519629	1525872	1531819	1534387
6	1494397	1513276	1517551	1519362	1531634	1535276
5	1494524	1513476	1517740	1519494	1531778
7	1494349	1513295	1517554	1519451	1525667	1531611	1534129
7	1512508	1516863	1518683	1524971	1533436	1536737	1539486
6	1505368	1528064	1530891	1538119	1543833	1550585
8	1505111	1527739	1530600	1531783	1537836	1543649	1545686	1550331
6	1505275	1527952	1530706	1537970	1543757	1550447
8	1505156	1527802	1530685	1531835	1537935	1543689	1545825	1550416
5	1504420	1527089	1530469	1537169	1542933
8	1480094	1511535	1520001	1528616	1534105	1536380	1543953	1549942
8	1480240	1511311	1519691	1521062	1528474	1533743	1543666	1549708
8	1479993	1511468	1519872	1528573	1529438	1533960	1543818	1549849
9	1480293	1511329	1519775	1521101	1528525	1533849	1536118	1543748	1549753
9	1479350	1510612	1519035	1520372	1527713	1529627	1535403	1543462	1549009
9	1509966	1518496	1521998	1523438	1528091	1533214	1542358	1546944	1552366
7	1509647	1518100	1521745	1527785	1531615	1541998	1546614
8	1509811	1518313	1521899	1523427	1527899	1542177	1546771	1552201
7	1509760	1518240	1521790	1527931	1542137	1546744	1548174
9	1508994	1521054	1522572	1528457	1530953	1533182	1547468	1548714	1551395
10	1510346	1511517	1515996	1519142	1523685	1529766	1533332	1539770	1541563	1562872
7	1510204	1511281	1521590	1526409	1534913	1539570	1562737
9	1510358	1511476	1517733	1521761	1526492	1531279	1535009	1539732	1562820
9	1510148	1511273	1515776	1521639	1523196	1529609	1534921	1539564	1562741
5	1509465	1516798	1521781	1528907	1561992
10	1493884	1505704	1511200	1518864	1521207	1525533	1530721	1535153	1539471	1545860
9	1493547	1505365	1510955	1518517	1519697	1529235	1532544	1537645	1545564
10	1493729	1505535	1511150	1518784	1519924	1523105	1529317	1532717	1537809	1545762
9	1493656	1505486	1510935	1518553	1520960	1525381	1534971	1539278	1545607
8	1504717	1519374	1524619	1528456	1531887	1534225	1536985	1544896
7	1524571	1525701	1530710	1533587	1539216	1545902	1554994
6	1524392	1525832	1530497	1538934	1545618	1554803
7	1524529	1525517	1530639	1533491	1539126	1545845	1554929
6	1524389	1525462	1530521	1538966	1545623	1554804
5	1523668	1529782	1532659	1544947	1554085
6	1517468	1518417	1522137	1526442	1531239	1543176
6	1515174	1517159	1518847	1523584	1528188	1542862
4	1515301	1517345	1531059	1543034
6	1515266	1517226	1522025	1526193	1530972	1542945
4	1521212	1522533	1525442	1530863
11	1508793	1520008	1528828	1531476	1534293	1538187	1550504	1559443	1562457	1574925	1581115
10	1508620	1519788	1528698	1531204	1537926	1541559	1550159	1559332	1574692	1581013
12	1508758	1520010	1521119	1528842	1534185	1538090	1542556	1550377	1559484	1562374	1574854	1581110
10	1508607	1519746	1528656	1531203	1537970	1541695	1550247	1559244	1574719	1580978
9	1507893	1519091	1530527	1533302	1537249	1540848	1561560	1574107	1580255
7	1521883	1524037	1533641	1539523	1544560	1552839	1556343
7	1521531	1523705	1527222	1530292	1539130	1544220	1552521
8	1521666	1523861	1527345	1533493	1539301	1544373	1552708	1556233
6	1521709	1523856	1530414	1539293	1544331	1552599
6	1520899	1523059	1526529	1532669	1539327	1551857
7	1515648	1521509	1525216	1531298	1534246	1543252	1554821
7	1515405	1524994	1527175	1531061	1543032	1545561	1554626
7	1515556	1521411	1525138	1531203	1543181	1545722	1554739
7	1515447	1521310	1525021	1531094	1534028	1543070	1554651
7	1514717	1524295	1530359	1533256	1542281	1545848	1547659
8	1502688	1516852	1522192	1523263	1530582	1535543	1542818	1545824
9	1502343	1516489	1521782	1522974	1527290	1531958	1537158	1542547	1545597
8	1502461	1516698	1522034	1523123	1530501	1535439	1542607	1545703
9	1502502	1516598	1521891	1523064	1527350	1532150	1537267	1542710	1545694
6	1515864	1521173	1526585	1531287	1534612	1541869
9	1514517	1515469	1526539	1533136	1545321	1552012	1556197	1563982	1566746
7	1514085	1515152	1518292	1532944	1551726	1555992	1563895
9	1514379	1515328	1526474	1533045	1545223	1551884	1556154	1563982	1566724
8	1514193	1515235	1518101	1522530	1532990	1551800	1555981	1563848
11	1514496	1516197	1525626	1532226	1535196	1537065	1539012	1544344	1551049	1555276	1563124
10	1449173	1513750	1517637	1521184	1524985	1531183	1533664	1542692	1566325	1598271
8	1449108	1513413	1517309	1518587	1522354	1540733	1545120	1599065
10	1449158	1513635	1517523	1521099	1524889	1530935	1533554	1566235	1598723	1599941
7	1449079	1513484	1517383	1518701	1524723	1540752	1598560
11	1448333	1512770	1517942	1524021	1525392	1530317	1533001	1541001	1543243	1545914	1597801
8	1501835	1516330	1519354	1520511	1526220	1529231	1543265	1557182
9	1501653	1516162	1519107	1525900	1526730	1531181	1536218	1543082	1556916
9	1501869	1516304	1519277	1520449	1526040	1529123	1535414	1543202	1557080
6	1501580	1516135	1519129	1531239	1543093	1556964
9	1500932	1518423	1520725	1525221	1528308	1529853	1532383	1535497	1556239
10	1506527	1509308	1517252	1523729	1527150	1532642	1536708	1541645	1546959	1551741
9	1506222	1509059	1516921	1520740	1536449	1539239	1542580	1546700	1551451
8	1506414	1509260	1517144	1520869	1527097	1529375	1536604	1542722
10	1506295	1509056	1516982	1523468	1526923	1532397	1536515	1541431	1546737	1551523
7	1516274	1523104	1527357	1531709	1538553	1542894	1550784
6	1493755	1531886	1536552	1538936	1543259	1550248
6	1493521	1531691	1536355	1538639	1543180	1548714
6	1493656	1531812	1536470	1538838	1543319	1550114
6	1493572	1531716	1536399	1538677	1543225	1548688
7	1492826	1530976	1535646	1537973	1542424	1547993	1550279
10	1497002	1498679	1512105	1513234	1521870	1526626	1536239	1541530	2244545	2246011
12	1496706	1498354	1511769	1512909	1514449	1521577	1523407	1528140	1536015	1541334	2244557	2245763
9	1496831	1498573	1511936	1513049	1521726	1536117	1541475	2244715	2245693
8	1496835	1498424	1511890	1513035	1521678	1536094	1541338	2244331
10	1496044	1511127	1514740	1520917	1522761	1525678	1527504	1535319	1540618	2243735
4	1513610	1517881	1523411	1534324
5	1513468	1517623	1523262	1526321	1534115
4	1513564	1517823	1523390	1534253
5	1513463	1517645	1523238	1526329	1534135
4	1512728	1522523	1525555	1533405
6	1521103	1522504	1527806	1532075	1536813	1552646
7	1520782	1522132	1524729	1531798	1536530	1538591	1552348
7	1521019	1522309	1524860	1531926	1536669	1538688	1552505
6	1520823	1522270	1527630	1531904	1536639	1552439
7	1520129	1524055	1526809	1531126	1535869	1537904	1551675
10	1513857	1515231	1518680	1523718	1532997	1542190	1556061	1567657	1575077	1575856
11	1513706	1515085	1521496	1525878	1529172	1534299	1541988	1555856	1567526	1574374	1575262
10	1513859	1515113	1518632	1523683	1531970	1542144	1555929	1567678	1574577	1575490
11	1513667	1515095	1521480	1525926	1529261	1534396	1541985	1555938	1567452	1574824	1575827
9	1512961	1517761	1520759	1522813	1529481	1533638	1541903	1566777	1573909
10	1508762	1514138	1516001	1522682	1525421	1530615	1533518	1542598	1548484	1555838
9	1508432	1513800	1515583	1522292	1526059	1537114	1542323	1548116	1555542
10	1508636	1513965	1515773	1522499	1525234	1530462	1533337	1542488	1548305	1555711
9	1508505	1513922	1515763	1522419	1526153	1537186	1542382	1548250	1555633
10	1507782	1514980	1521676	1525355	1529654	1531728	1536414	1541642	1547486	1557108
6	1508006	1521149	1523697	1532468	1538753	1552642
7	1507788	1520859	1523478	1532226	1536409	1541192	1552414
7	1507931	1521035	1523643	1532454	1534145	1538677	1552555
7	1507807	1520922	1523486	1532275	1536483	1541328	1552447
6	1507086	1523381	1531536	1536559	1538672	1551708
5	1515975	1517449	1522967	1531069	1571745
5	1515744	1517112	1522697	1530737	1571443
5	1515861	1517263	1522856	1530919	1571609
5	1515798	1517253	1522761	1530844	1571525
4	1516476	1522016	1530094	1570780
9	1506576	1521335	1522692	1529169	1534260	1536665	1544020	1547824	1559554
7	1506471	1521147	1522521	1534067	1540270	1543816	1559252
9	1506549	1521282	1522673	1529044	1534210	1537383	1543951	1547748	1559422
7	1506449	1521154	1522478	1534081	1540313	1543843	1559326
8	1505713	1520432	1521811	1534407	1535738	1539563	1543108	1558587
9	1513351	1514067	1520275	1524168	1533984	1539305	1547192	1566205	1568628
9	1513074	1519981	1523878	1531402	1536626	1546949	1565940	1568349	1569799
8	1513247	1520153	1524069	1533878	1539316	1547140	1566178	1568531
10	1513120	1520050	1523928	1528260	1531348	1536694	1546946	1565915	1568366	1569731
10	1512400	1519317	1523215	1525019	1530652	1535944	1538752	1546258	1565259	1569586
7	1515399	1522904	1530108	1536667	1538084	1546158	1547528
6	1514987	1522607	1529835	1536360	1541509	1545850
4	1515222	1522768	1529944	1537846
8	1515114	1522686	1529956	1532410	1536422	1541551	1545987	1548704
4	1529160	1531694	1540847	1546605
7	1501660	1507156	1512326	1518835	1532306	1536363	4004329
9	1501269	1506854	1512013	1518496	1525417	1531972	1533612	1539345	4004122
9	1501439	1507028	1512176	1518672	1525548	1529409	1533732	1539530	4004145
8	1501441	1506926	1512116	1518612	1532071	1536167	1539492	4004264
5	1500651	1506194	1524750	1535383	4003412
6	1504432	1506049	1521016	1524880	1528303	1535866
6	1504612	1505753	1520952	1524499	1530159	1535595
6	1504612	1505990	1520925	1524720	1530277	1535783
6	1504383	1505758	1520988	1524614	1528123	1535620
6	1505091	1520313	1523879	1527428	1529424	1534918
8	1518900	1520186	1525334	1531045	1541435	1547089	1548302	1557277
9	1518665	1519886	1523269	1527132	1532762	1536521	1541146	1546734	1557076
8	1518805	1520005	1523385	1532877	1536733	1541278	1546904	1557235
7	1518718	1520037	1525174	1541254	1546883	1548117	1557057
9	1519220	1522596	1524387	1530081	1532075	1535885	1540477	1546103	1556359
9	1511461	1516647	1520454	1524811	1530232	1536665	1542547	1556171	1565128
9	1511228	1516400	1520153	1521924	1530075	1536470	1542326	1555848	1565087
9	1511381	1516524	1520335	1524682	1530257	1536580	1542491	1556141	1565004
9	1511264	1516489	1520223	1521917	1530022	1536509	1542331	1555829	1565167
9	1510518	1515715	1519489	1521219	1523882	1529265	1541623	1555191	1564269
6	1522929	1530906	1531879	1537053	1541094	1554225
7	1522637	1530655	1531628	1536779	1540746	1542645	1553828
6	1522787	1530841	1531802	1536906	1540887	1554031
8	1515592	1522722	1530672	1531651	1536885	1540912	1542770	1553972
2	1540114	1553220
10	1506366	1511503	1516080	1518134	1526981	1537199	1548388	1549605	1554047	1562786
12	1506085	1507558	1511319	1517936	1520927	1524763	1528224	1536954	1538386	1548152	1553754	1562531
10	1506287	1511486	1518105	1523011	1526920	1537121	1548322	1549501	1553947	1562728
10	1506117	1511292	1517920	1521004	1524717	1528236	1536972	1548166	1553807	1562542
9	1505415	1510603	1517225	1520219	1522634	1523982	1547455	1548653	1553091
9	1502954	1512280	1513521	1524144	1525423	1530072	1534690	1539677	1544518
9	1502857	1512081	1513330	1523860	1529823	1532246	1537771	1541930	1547183
7	1502958	1512240	1513458	1523979	1534614	1539562	1544459
9	1502805	1512073	1513316	1523982	1529867	1532280	1537753	1541923	1547235
8	1511372	1523191	1525638	1529135	1532721	1537057	1541264	1546484
7	1510326	1512981	1523288	1536532	1537390	1542777	1553380
8	1510114	1512751	1518229	1521555	1526233	1536293	1553117	1554458
6	1510334	1512992	1536484	1537321	1542757	1553315
8	1510063	1512706	1518255	1521520	1526488	1536278	1553131	1554406
8	1509408	1512053	1517587	1525800	1536522	1538078	1541870	1552439
7	1491956	1515747	1517589	1526415	1531686	1536620	1555855
8	1491813	1515409	1517303	1523628	1530128	1534389	1538150	1555638
8	1491874	1515607	1517502	1523881	1534596	1537776	1542314	1555769
8	1491860	1515505	1517358	1523748	1526212	1536432	1539804	1555678
7	1514768	1516616	1525423	1529465	1535685	1540450	1554936
8	1502441	1519286	1521758	1527493	1534951	1542958	1547578	1551428
7	1502139	1519152	1521485	1527267	1534764	1547292	1550994
8	1502340	1519269	1521640	1527450	1534920	1542825	1547411	1551205
7	1502194	1519128	1521539	1527270	1534731	1547406	1551149
9	1501478	1518761	1520805	1526573	1535698	1537599	1542003	1546619	1550387
8	1496358	1517534	1519262	1526186	1530485	1535233	1540349	1549974
9	1496100	1517221	1518939	1524071	1533287	1540124	1543768	1547876	1551711
9	1496278	1513705	1517390	1519133	1520449	1524229	1532465	1543842	1550793
7	1496137	1517317	1519027	1535022	1540132	1543795	1547928
8	1516567	1518297	1523388	1526130	1535439	1539430	1543036	1547195
9	1496220	1509480	1510890	1516099	1526245	1528302	1535310	1541693	1559839
9	1496006	1509362	1510628	1515839	1525961	1535104	1541443	1542787	1559583
9	1496142	1509478	1510808	1516032	1526181	1528267	1535251	1541654	1559738
9	1496037	1509313	1510650	1515864	1525979	1535118	1541430	1542769	1559635
7	1495297	1508605	1515153	1525291	1534395	1545526	1558898
6	1515953	1519495	1523532	1524504	1542048	1548747
6	1515718	1519204	1523193	1527450	1541798	1548526
6	1515874	1519364	1523350	1524337	1541879	1548603
6	1515751	1519291	1523327	1527477	1541925	1548638
5	1515021	1518540	1526742	1541115	1547845
7	1507918	1517506	1520147	1526105	1529522	1538583	1548416
7	1507669	1517241	1519904	1525889	1532164	1541288	1548141
7	1507931	1517421	1520088	1526053	1529427	1538471	1548355
8	1507613	1517271	1519925	1525890	1532172	1534737	1541246	1548139
10	1506982	1519211	1525186	1528604	1533014	1534372	1537664	1540544	1547468	1548784
6	1503564	1520612	1522065	1526845	1534030	1536429
5	1503227	1520410	1521730	1526579	1533794
6	1503370	1520524	1521933	1526716	1533894	1537006
5	1503378	1520467	1521833	1526676	1533874
6	1502587	1519694	1521116	1525911	1534223	1536220
10	1494299	1508345	1515592	1516703	1531364	1532090	1539139	1544358	1554878	1575879
10	1493974	1508135	1515303	1516386	1520264	1531150	1538902	1542211	1554694	1575667
11	1494205	1508249	1515574	1516321	1531274	1532130	1539033	1542374	1544666	1554846	1575809
9	1494020	1508187	1515298	1516580	1531188	1538953	1542284	1554676	1575680
8	1507432	1516658	1519588	1530791	1538207	1541483	1546058	1553976
9	1511726	1518627	1524159	1532138	1543256	1550853	1557387	1571460	1572670
10	1511396	1518300	1523879	1526418	1531916	1538422	1542942	1550591	1557056	1571157
9	1511536	1518459	1524024	1526570	1532014	1550694	1557219	1571319	1572637
8	1511551	1518417	1523967	1531988	1543061	1550695	1557177	1571247
9	1517652	1523209	1525738	1531211	1532755	1537751	1542293	1556411	1570493
10	1513526	1515558	1519612	1526472	1529843	1533857	1541581	1545575	1548968	1568479
8	1513177	1515317	1526216	1533630	1536073	1541380	1545344	1568194
10	1513374	1515563	1517700	1526384	1533787	1536209	1541459	1545455	1549995	1568392
10	1513281	1515252	1519394	1526244	1529828	1533675	1541463	1545423	1548642	1568226
9	1516075	1518698	1525534	1529044	1532940	1535358	1540668	1544647	1567518
7	1037186	1519273	1520270	1533823	1534658	1537254	1543601
5	1036225	1518957	1519914	1533506	1534339
7	1036654	1519128	1520109	1533670	1534526	1537230	1543430
6	1036715	1519057	1520073	1533608	1534463	1543436
3	1532838	1535025	1537791
6	1516064	1517043	1522529	1535403	1540959	1554651
10	1515825	1516722	1520247	1524890	1530228	1535079	1538933	1544353	1547407	1554430
8	1515969	1516989	1522434	1535260	1537524	1540881	1545277	1554541
8	1515870	1516738	1520299	1524818	1530220	1535179	1547452	1554492
10	1515135	1521582	1524138	1526941	1529500	1534430	1536674	1541299	1543667	1546716
11	1514042	1516239	1523505	1524716	1529887	1534036	1539107	1546687	1551348	1553434	1558276
9	1513800	1516033	1523113	1529563	1531756	1537492	1546387	1551043	1557952
8	1513944	1516082	1518297	1523300	1529672	1546512	1551215	1558069
10	1513851	1516147	1523272	1524566	1529748	1533836	1546503	1551128	1553166	1558118
9	1513092	1515325	1522497	1525707	1530138	1533091	1536827	1550385	1557303
9	1478418	1499940	1511110	1512347	1520107	1524858	1538133	1539950	1549369
10	1478205	1499732	1510841	1512122	1518518	1524614	1526064	1537934	1539799	1549130
9	1478391	1499936	1510973	1512289	1520070	1524821	1538071	1539903	1549304
10	1478188	1499685	1510927	1512146	1518557	1522191	1526130	1537939	1539806	1549143
9	1477473	1510160	1511419	1517831	1523922	1537220	1539066	1548435	1549689
8	1514832	1518584	1525609	1532812	1537308	1545818	1551675	1555757
8	1514484	1518255	1520853	1525261	1534344	1545541	1551385	1552817
10	1514694	1518421	1519819	1525450	1528670	1532758	1537191	1545654	1551526	1555555
9	1514574	1518363	1520942	1525389	1534425	1538865	1545655	1551448	1553599
7	1518194	1520789	1524634	1536354	1539474	1544864	1554783
11	1500290	1501586	1509624	1514557	1518375	1523557	1527265	1532151	1536925	1540983	1546844
9	1500078	1501405	1509356	1514318	1518183	1525313	1529891	1539366	1546540
10	1500224	1501520	1509531	1514462	1518297	1523473	1527140	1536880	1540998	1546744
8	1500096	1501461	1509394	1514364	1518228	1525399	1539479	1546578
10	1499375	1508679	1513626	1519578	1522605	1524635	1527746	1532448	1533900	1540136
10	1486883	1488117	1526069	1527040	1530859	1534717	1540657	1544643	1574339	4008156
8	1486594	1525852	1526687	1533163	1544353	1547622	1574128	4008416
9	1486734	1525953	1526886	1530737	1534571	1540516	1544515	1574220	4008299
8	1486699	1525931	1526793	1533220	1540472	1547821	1574202	4008218
11	1485925	1526059	1528086	1529883	1532424	1534758	1539709	1543689	1547012	1573423	4007469
6	1518756	1519607	1528634	1530072	1534699	1538560
4	1518491	1519388	1528470	1531424
5	1518704	1528621	1530121	1534615	1538478
4	1518502	1528437	1529960	1531408
5	1517794	1529261	1530682	1533758	1535802
8	1486388	1522383	1524123	1530749	1536187	1540163	1546219	1549157
7	1486072	1522127	1523893	1530415	1535963	1537808	1548810
7	1486259	1522283	1524038	1530629	1536057	1539992	1546027
7	1486150	1522179	1523932	1530501	1536044	1537912	1548911
5	1521444	1531124	1537128	1539195	1540974
6	1483185	1519152	1520411	1526256	1529863	1535811
7	1482971	1518791	1520266	1522800	1527587	1533767	1537616
7	1483084	1519056	1520373	1522969	1527657	1533896	1537709
5	1483026	1518856	1520259	1526115	1529655
5	1482267	1519536	1525346	1528936	1533066
8	1515661	1519864	1526636	1539521	1543198	1559118	1569926	4140359
9	1515361	1519292	1526341	1529334	1539186	1542974	1558779	1569537	4140264
9	1515558	1519506	1526517	1529457	1539363	1543075	1558975	1569755	4140362
8	1515410	1519596	1526415	1539290	1543046	1558877	1569657	4140203
5	1514696	1518766	1538536	1542274	1558138
9	1517652	1525064	1530020	1531292	1537493	1542791	1546644	1552977	1570641
8	1517480	1524838	1529780	1537239	1542611	1546403	1552721	1570374
9	1517610	1525007	1529868	1531239	1537412	1542755	1546545	1552951	1570605
8	1517475	1524845	1529827	1537252	1542600	1546448	1552698	1570359
7	1516754	1529062	1538150	1541887	1545713	1552039	1569692
7	1489286	1519655	1521635	1528907	1533681	1545197	1565569
7	1489015	1519318	1521294	1528562	1530069	1544934	1565144
7	1489147	1519548	1521470	1528755	1533535	1545099	1565357
7	1489101	1519375	1521273	1528662	1530093	1544992	1565297
5	1488340	1518673	1520639	1527923	1544242
5	1518274	1520726	1524109	1533784	1543752
7	1517806	1520613	1522182	1526979	1533548	1535921	1540695
7	1518169	1520678	1522375	1533757	1536017	1540797	1546861
5	1517853	1520619	1533532	1538624	1543493
7	1517224	1519854	1522441	1524140	1526258	1532854	1535540
7	1484011	1512864	1516658	1517648	1521253	1535110	1539915
9	1483668	1512480	1516375	1519118	1523300	1528016	1532456	1539566	1542713
8	1483800	1512661	1516552	1517439	1525830	1532555	1534962	1539735
9	1483842	1512622	1516433	1519187	1523349	1528136	1532624	1539704	1542792
8	1512412	1515706	1518424	1524275	1528982	1531806	1538929	1542063
6	1508521	1519520	1520652	1525519	1531453	1542707
6	1508230	1519194	1522555	1524083	1528638	1542491
7	1508350	1519457	1520602	1526139	1531377	1535582	1542680
6	1508359	1519214	1520677	1528688	1532153	1542462
7	1507564	1518548	1521885	1523941	1526145	1528000	1530551
8	1504613	1511641	1517298	1522103	1525907	1529968	1538139	1591624
9	1504271	1511339	1517084	1521779	1526992	1532943	1540872	1545219	1591509
7	1504501	1511575	1517229	1522022	1525798	1529844	1591668
10	1504332	1511359	1517112	1518225	1521824	1527040	1533063	1540968	1545334	1591422
10	1503630	1510678	1516374	1521131	1522654	1533944	1537174	1540185	1544596	1590754
7	1518967	1521727	1523449	1527556	1532870	1542042	1554642
6	1518727	1521436	1527455	1530390	1534712	1554453
7	1518904	1521607	1523352	1527520	1532553	1541974	1554640
6	1518742	1521507	1527362	1530536	1534700	1554408
7	1518035	1520765	1523335	1529707	1531948	1537589	1553725
8	1518629	1522339	1524413	1530818	1536156	1538474	1545313	1549232
7	1518280	1521971	1523234	1526818	1535882	1540971	1545011
6	1518463	1522147	1523450	1527037	1536007	1541115
7	1518405	1522112	1530638	1535982	1538331	1545124	1549089
8	1517644	1521340	1523482	1529865	1535199	1537538	1540311	1548288
8	1500660	1511318	1517259	1521595	1524292	1531042	1539462	1548620
8	1500441	1511057	1517089	1521378	1530896	1535690	1540039	1548279
8	1500654	1511240	1517220	1521523	1524218	1531029	1539388	1548458
8	1500399	1511085	1517074	1521397	1530862	1535677	1540124	1548410
7	1510374	1520677	1524061	1530156	1533481	1538556	1547613
7	1512691	1517347	1519361	1528997	1535803	1544297	1553665
9	1512376	1517039	1519131	1520743	1528715	1530872	1535465	1544001	1553332
7	1512586	1517198	1519343	1528894	1535600	1544141	1553491
9	1512463	1517137	1519097	1520850	1528767	1530907	1535614	1544103	1553459
6	1511697	1516378	1518434	1528043	1531009	1552683
6	1483059	1517418	1518199	1523395	1538339	1550179
7	1482900	1517212	1518029	1523241	1528460	1538111	1549980
6	1483003	1517395	1518209	1523416	1538291	1550114
7	1482905	1517184	1518018	1523172	1528452	1538104	1549993
6	1516503	1519607	1522506	1525748	1527751	1537409
5	1510344	1512507	1518174	1521393	1526750
3	1510078	1512187	1523556
5	1510273	1512339	1518016	1521276	1526673
2	1510099	1512292
4	1509398	1512240	1517227	1520428
6	1510071	1512350	1519361	1523233	1529738	1533490
4	1509842	1512134	1516326	1535019
6	1509940	1512299	1519185	1523165	1529650	1533407
4	1509935	1512132	1516412	1534987
8	1509146	1511434	1512927	1515641	1520697	1525706	1528786	1534278
8	1519246	1521768	1526831	1532337	1536596	1539556	1545124	1550376
6	1518972	1521603	1525569	1528452	1532005	1550126
6	1519103	1521650	1525711	1528579	1532186	1550256
8	1519069	1521685	1525722	1532105	1536441	1539345	1544945	1550191
7	1518301	1520881	1525871	1531357	1535651	1538605	1549434
9	1512005	1514192	1518812	1523174	1534462	1537562	1541350	1548912	1574383
7	1511678	1513974	1518536	1520373	1534191	1548728	1574123
8	1511854	1514138	1518670	1520517	1529302	1534364	1548842	1574280
10	1511785	1513995	1518616	1522888	1526733	1534230	1537397	1541114	1548758	1574178
8	1511010	1517862	1524613	1527691	1529296	1533503	1536607	1539184
6	1519564	1523615	1525576	1542483	1545356	1549485
7	1519278	1523288	1525301	1527655	1533004	1542117	1549169
6	1519406	1523423	1525457	1532776	1542274	1549295
6	1519391	1523442	1531324	1542291	1545193	1549293
6	1518613	1522642	1524618	1541495	1544379	1548512
7	1521552	1522738	1525298	1530174	1534847	1539870	1555722
8	1521252	1522477	1529994	1532712	1537422	1543165	1555543	1557001
6	1521482	1522691	1530083	1534733	1539738	1555642
7	1521276	1522442	1530038	1537472	1543311	1555567	1557035
9	1520583	1521783	1525656	1529275	1531977	1536756	1542454	1554813	1556297
10	1482270	1501275	1518107	1519449	1527327	1543231	1544397	1549834	1558234	2225634
11	1482039	1500945	1517930	1518979	1522203	1526957	1531522	1542893	1549537	1557815	2225551
10	1482161	1501000	1518057	1519243	1522376	1527203	1531663	1543096	1549774	1558013
10	1482103	1501179	1517926	1519177	1527048	1530009	1542981	1549548	1557990	2225612
9	1481342	1500299	1517204	1526241	1529216	1531859	1542241	1548875	2224783
9	1482735	1512384	1517949	1526667	1527490	1530461	1535847	1542241	1548333
8	1482571	1512146	1517687	1526572	1535684	1537079	1542020	1548098
9	1482647	1512295	1517900	1526682	1527413	1530430	1535781	1542145	1548229
8	1482616	1512191	1517680	1526518	1533609	1537151	1542057	1548151
7	1481844	1517008	1525810	1530561	1536400	1542321	1547404
10	1510947	1514770	1517121	1528586	1531049	1536171	1543697	1551372	1560521	1571130
11	1510628	1514452	1516750	1521040	1523859	1528224	1532807	1543471	1551105	1560171	1570807
10	1510826	1514573	1516951	1528470	1530932	1536079	1543621	1551262	1560359	1570970
11	1510704	1514604	1516871	1521139	1523954	1528297	1533185	1543490	1551158	1560269	1570922
8	1509975	1513797	1516131	1521032	1527597	1531284	1535233	1550422
4	1516940	1518781	1528743	1539581
5	1516773	1518435	1528518	1532955	1539334
4	1516905	1518681	1528660	1539540
5	1516753	1518477	1528551	1532959	1539333
7	1516043	1517794	1527822	1529749	1532237	1538650	1540120
12	1493709	1494422	1510251	1511290	1513777	1519522	1523707	1529776	1535126	1536878	1547942	1566409
12	1493465	1494901	1509890	1510637	1516483	1520893	1526064	1529557	1534870	1540530	1547696	1566099
11	1493587	1494336	1510068	1510817	1513624	1519287	1523476	1529635	1534989	1547877	1566322
10	1493538	1510035	1510767	1516611	1521038	1526198	1534975	1540636	1547710	1566127
9	1492770	1509263	1512784	1515860	1518484	1528853	1534164	1539842	1547002
8	1482225	1505719	1508929	1512602	1514073	1519457	1529773	1539094
8	1481955	1505498	1508626	1512505	1519231	1520775	1529551	1538885
9	1482158	1505624	1508833	1512614	1514193	1519373	1526759	1529691	1539056
8	1481974	1505546	1508678	1512437	1519272	1520823	1526661	1538870
7	1481278	1504793	1507970	1511741	1520102	1528854	1538176
9	1521643	1527022	1530659	1532841	1537643	1542286	1546704	1631663	4007437
8	1521487	1526752	1530377	1534523	1540750	1548618	1631616	4007279
9	1521630	1526940	1530559	1532694	1537537	1543384	1546613	1631481	4007334
8	1521460	1526794	1530436	1534569	1540815	1548690	1631761	4007342
6	1526065	1529710	1531869	1537553	1540043	4006545
7	1518706	1520011	1527607	1533488	1546837	1550652	1554696
6	1518503	1522001	1527452	1529540	1546600	1550535
6	1518647	1519928	1527557	1533340	1546755	1550629
7	1518511	1522045	1527459	1529577	1546627	1550490	1554481
6	1517790	1526720	1528854	1532509	1545907	1553750
8	1466688	1519852	1526404	1535284	1542415	1545688	1549129	1553785
9	1466501	1519533	1521115	1525946	1530141	1533179	1542041	1548735	1551847
10	1466612	1467385	1519734	1521008	1526200	1530260	1533371	1542176	1548955	1552027
10	1466530	1519602	1520989	1526107	1530207	1535053	1542238	1545467	1548858	1553546
10	1465797	1518862	1520921	1525373	1529444	1532500	1541418	1544695	1548117	1551213
9	1507500	1514190	1514903	1516619	1525516	1532366	1534907	1540848	1555977
8	1507355	1513895	1514680	1518030	1525266	1532070	1538096	1555838
9	1507470	1514093	1514877	1516557	1525458	1532238	1534824	1540750	1555999
7	1507345	1513947	1518015	1525288	1532145	1538166	1555769
9	1513220	1515697	1517318	1524580	1525997	1531393	1537462	1539900	1544636
7	1510210	1519896	1522657	1525148	1536394	1537322	1556182
9	1509905	1519596	1522305	1526223	1530141	1536177	1541156	1544124	1555852
7	1510027	1519761	1522482	1525002	1536238	1544200	1556025
9	1510047	1519686	1522421	1526333	1530293	1536266	1541315	1544246	1555945
8	1519193	1521665	1524217	1525567	1529517	1537021	1540501	1543419
7	1517827	1519451	1522054	1531134	1545252	1554380	1565650
10	1517532	1519155	1523783	1528306	1534836	1539377	1542142	1548115	1554179	1565433
6	1517686	1519382	1521969	1531099	1545102	1565638
10	1517635	1519357	1523754	1528387	1534892	1539352	1542175	1548116	1554175	1565388
8	1516875	1518587	1526769	1529091	1534118	1541430	1544278	1547404
7	1514010	1518276	1522820	1530018	1532361	1537582	1545498
7	1513696	1517893	1522501	1525069	1529721	1533693	1545250
7	1513873	1518090	1522669	1529856	1532242	1537441	1545411
7	1513785	1518027	1522587	1525103	1529841	1537340	1545291
6	1513042	1517273	1522374	1529056	1536602	1544563
7	1484142	1517426	1518527	1527020	1535890	1539678	1579760
8	1483904	1517213	1518351	1524064	1527944	1535645	1539445	1579668
7	1484008	1517415	1518474	1526938	1535818	1539641	1579812
8	1484003	1517177	1518359	1524112	1527965	1535668	1539434	1579568
7	1516509	1519845	1523387	1526049	1528428	1534951	1538749
6	1513251	1514135	1519668	1523991	1533536	1538151
8	1512912	1513865	1517858	1521226	1525846	1530428	1535630	1539929
5	1513067	1514023	1517987	1535728	1540123
7	1513056	1513981	1519430	1525944	1533315	1537916	1542674
8	1512273	1514437	1518738	1521774	1525139	1528965	1532564	1534916
10	1516671	1521140	1522318	1524965	1530327	1535428	1542701	1545067	1549420	6294260
7	1516391	1520889	1522518	1535171	1542469	1549178	6293278
10	1516560	1521074	1522271	1524922	1530283	1535317	1542596	1544971	1549339	6293429
6	1516452	1520894	1522510	1535226	1542531	6294078
5	1515720	1520202	1521896	1541774	1548486
7	1507227	1509177	1515530	1517997	1533920	1539973	1540915
7	1506829	1508895	1515118	1521712	1525276	1533669	1539661
7	1507057	1509062	1515309	1521864	1525409	1533787	1539771
8	1506954	1508954	1515301	1517839	1525377	1533775	1539803	1540698
8	1506216	1508219	1514512	1515989	1521000	1528295	1532994	1539939
6	1520581	1524128	1529949	1537202	1539974	1546638
5	1520392	1524085	1529689	1536991	1546491
6	1520514	1524092	1529847	1537094	1539720	1546618
5	1520408	1524066	1529718	1537046	1546447
5	1519677	1523295	1528998	1536289	1538914
8	1500549	1514784	1518210	1522887	1527054	1537222	1540785	1546436
8	1500101	1514564	1517958	1522633	1526721	1536969	1540529	1546144
7	1500371	1514688	1518095	1522820	1537105	1540640	1546273
8	1500233	1514612	1518034	1522664	1526861	1537014	1540628	1546264
6	1499512	1517788	1521954	1526063	1539849	1545480
6	1515341	1523740	1531843	1532757	1538632	1543510
6	1515078	1523637	1527369	1531605	1543315	1545493
6	1515217	1523735	1527560	1531761	1538563	1543413
7	1515154	1523610	1527416	1531628	1538458	1543372	1545469
6	1515020	1522844	1526708	1530907	1533076	1544758
6	1511853	1524492	1529259	1531723	1535210	1548237
6	1511666	1524217	1529003	1531350	1532520	1547993
6	1511769	1524350	1529157	1531511	1532626	1548099
6	1511706	1524315	1529064	1531520	1535052	1548091
4	1523547	1528325	1530725	1547304
8	1516358	1518433	1527593	1529460	1536464	1546094	1558500	1571413
9	1516087	1518193	1522121	1527410	1536269	1541861	1545862	1558143	1571206
8	1515999	1518359	1527521	1536465	1541979	1545975	1558415	1571368
9	1516407	1518226	1527430	1529244	1536266	1541822	1545935	1558177	1571198
9	1517517	1518695	1526683	1529915	1535514	1537003	1545170	1557506	1570496
7	1510257	1517940	1521626	1527290	1530607	1535928	1538487
6	1509893	1517698	1521382	1526985	1530397	1535610
6	1510077	1517871	1521513	1527144	1535768	1538399
6	1510030	1517709	1521437	1527076	1530407	1535723
5	1509266	1521242	1526325	1529682	1537594
8	1482615	1505324	1510265	1517431	1519741	1524079	1527952	1539872
8	1482362	1505059	1510097	1517169	1523738	1524951	1529747	1539617
8	1482514	1505237	1510244	1517344	1519672	1523982	1527866	1539796
8	1482417	1505099	1510071	1517208	1523797	1524907	1529747	1539644
7	1481667	1504380	1509370	1516487	1524237	1529015	1538936
6	1519227	1521971	1524676	1537460	1543304	1546539
5	1518913	1524402	1525844	1531027	1539155
6	1519126	1521864	1524559	1537432	1543176	1546382
5	1518967	1521736	1529701	1535476	1539228
5	1518261	1530324	1531788	1542306	1545562
7	1511906	1514736	1518414	1527178	1532609	1537161	1548240
9	1511643	1514596	1515821	1526952	1530794	1535131	1539997	1543985	1548064
9	1511817	1514727	1515981	1527131	1530918	1535360	1540784	1544139	1548187
8	1511681	1514536	1518304	1522164	1526967	1532467	1536922	1548072
8	1510959	1515137	1517468	1521403	1526263	1534476	1539927	1543297
11	1439025	1515573	1516545	1522737	1526062	1531568	1536451	1548092	1552551	1576829	1589113
12	1438901	1515240	1516027	1518984	1524143	1531343	1532775	1537930	1547820	1552198	1576512	1588833
10	1438974	1515416	1516157	1524339	1531452	1538077	1547953	1552333	1576664	1588961
10	1438909	1515346	1516151	1522604	1531387	1536274	1547899	1552373	1576629	1588941
8	1438144	1514596	1523524	1530990	1535527	1551568	1575857	1588161
8	1486198	1502761	1508016	1509734	1512008	1520380	1529572	1538716
10	1486027	1502554	1507794	1509436	1513818	1517808	1523440	1531983	1538534	1542372
7	1486146	1502701	1507961	1509625	1511901	1516621	1520276
10	1486023	1502559	1507799	1509496	1513978	1517808	1523470	1527279	1532063	1542443
10	1485299	1501846	1507093	1511088	1517057	1519432	1524475	1526525	1537771	1541712
9	1502629	1514888	1516000	1518564	1531064	1540633	1541855	1559258	1567849
11	1502231	1514593	1515717	1521210	1526161	1530708	1540298	1544850	1551888	1558963	1567561
9	1502384	1514761	1515811	1530863	1540435	1541709	1559111	1560515	1567715
11	1502438	1514666	1515853	1521926	1526368	1530868	1540517	1544950	1551994	1559066	1567647
9	1501623	1513928	1517587	1521147	1530074	1539593	1540878	1544157	1566895
9	1472427	1495442	1519032	1522859	1527158	1532292	1536582	1540887	1546214
8	1472333	1495272	1518790	1522703	1526782	1532062	1536364	1545928
9	1472602	1495406	1518948	1522811	1527003	1532190	1536474	1540789	1546086
8	1472107	1495256	1518827	1522702	1526886	1532136	1536421	1546001
7	1471568	1494548	1521968	1526157	1535666	1539997	1545258
8	1513707	1518404	1520522	1526018	1528831	1536183	1542206	1552268
5	1513352	1518088	1535867	1541946	1551989
7	1513543	1518287	1520430	1526647	1536014	1542052	1552157
8	1513466	1518159	1520323	1525768	1528773	1535996	1542046	1552038
6	1512716	1517438	1519590	1525805	1535763	1541261
7	1518843	1528345	1529838	1535385	1541146	1555802	1557019
7	1518564	1528043	1529551	1533203	1536881	1555520	1557275
6	1518751	1528218	1529681	1541080	1555681	1557451
7	1518606	1528119	1529598	1535164	1540953	1555598	1557364
5	1517893	1532554	1534471	1540206	1554826
6	1520488	1526698	1528280	1533496	1538498	1546102
6	1520094	1526432	1528034	1532000	1538191	1545799
7	1520292	1526547	1528199	1532139	1533455	1538332	1545923
6	1520237	1526542	1528069	1532060	1538306	1545941
4	1525755	1527347	1531323	1545126
7	1439022	1531516	1533427	1536772	1539737	1550174	1555716
7	1438783	1531382	1533303	1537627	1543289	1549858	1555388
6	1438699	1531485	1533411	1536646	1550026	1555631
6	1439068	1531356	1533273	1543296	1549966	1555423
4	1438095	1535867	1554741	1557219
7	1479354	1510043	1516487	1517346	1523141	1539855	1546987
8	1479054	1509707	1516226	1516991	1528198	1539509	1541473	1546666
8	1479213	1509897	1516390	1517153	1522792	1528371	1539733	1546934
7	1479149	1509800	1516268	1517129	1522951	1539597	1546674
6	1478392	1515548	1522185	1527548	1540797	1546014
8	1500369	1501665	1514917	1516222	1519880	1522699	1536423	1568271
8	1500209	1501196	1514575	1516046	1526733	1530052	1534652	1567985
7	1500368	1501378	1514741	1516191	1519868	1523854	1568155
7	1500164	1501021	1514714	1516031	1526682	1530112	1568048
8	1499480	1515674	1519042	1522986	1527262	1532644	1537704	1567312
8	1515099	1521412	1524445	1525734	1535745	1539450	1547207	1549915
7	1514733	1521186	1524187	1529654	1535391	1537078	1546921
8	1514915	1521267	1524337	1529821	1533067	1537315	1542218	1547063
8	1514867	1521299	1524254	1530338	1535550	1539317	1547021	1549772
7	1514103	1529584	1531221	1534758	1538518	1546252	1548996
10	1493619	1505393	1511909	1513137	1515041	1523369	1532534	1539975	1542795	1552105
10	1493136	1505254	1511659	1512556	1517871	1523097	1532194	1539748	1552036	1552894
10	1493410	1505361	1511862	1512939	1514951	1523255	1532383	1539876	1542697	1552090
10	1493290	1505235	1511735	1512565	1517991	1523139	1532301	1539779	1551993	1552946
10	1504512	1511163	1517252	1522381	1526452	1528375	1531537	1539041	1541837	1552238
8	1511018	1512136	1521789	1529483	1530694	1541935	1549854	1554699
7	1510662	1511409	1521504	1523974	1529193	1537246	1549447
8	1510834	1511740	1521601	1524072	1529303	1533538	1549624	1554474
8	1510792	1511860	1521630	1529334	1537279	1541778	1549625	1554501
10	1510028	1513051	1523266	1528524	1531716	1532920	1536557	1540981	1548833	1553701
7	1513991	1519759	1522209	1527363	1537041	1541932	1553252
8	1513733	1519561	1522020	1527152	1530037	1536880	1543401	1553034
7	1513918	1519638	1522166	1527211	1536976	1541867	1553161
8	1513754	1519650	1522023	1524321	1530054	1536920	1543474	1553077
8	1513048	1518846	1526431	1529282	1536150	1538695	1542769	1552333
10	1501610	1502483	1517766	1524408	1525660	1533963	1550510	1551931	1581550	4121159
9	1501384	1502083	1515373	1517435	1524155	1533763	1550349	1581446	4120888
11	1501540	1502365	1515985	1517603	1524322	1528549	1533917	1550454	1551827	1581468	4121056
9	1501405	1502283	1515859	1517626	1524190	1533764	1550340	1581488	4120937
6	1500686	1528856	1533963	1536367	1538426	1551348
3	1521986	1525101	1530672
6	1521801	1524823	1526201	1530555	1535376	1539836
4	1521943	1524962	1530678	1542319
6	1521803	1524889	1526156	1530512	1535431	1539819
6	1521085	1526309	1531484	1534703	1536107	1539740
6	1497326	1511327	1512046	1521568	1524675	1535049
7	1497100	1511041	1511789	1521312	1528269	1534780	1537587
6	1497228	1511196	1511945	1521456	1524565	1534968
7	1497159	1511117	1511847	1521362	1528312	1534827	1537689
8	1496386	1510373	1512598	1520627	1523749	1527580	1534086	1536917
7	1499762	1519231	1521942	1530780	1535276	1543898	1549967
8	1499597	1518937	1521768	1530603	1532202	1538743	1541681	1549646
7	1499673	1519174	1521895	1530719	1535247	1543809	1549843
7	1499647	1518948	1521749	1530576	1538752	1541624	1549720
5	1518272	1521030	1530861	1543000	1548991
9	1506466	1520965	1522133	1524617	1531599	1535965	1539555	1543643	1557378
8	1506076	1510789	1520622	1521823	1528281	1531188	1540429	1557038
8	1506258	1520820	1521856	1531386	1535926	1539429	1543526	1557227
8	1506233	1510899	1520724	1522005	1528348	1531357	1540608	1557141
7	1505461	1521496	1523634	1532120	1535054	1542696	1556394
8	1509757	1513174	1518994	1527411	1531794	1540812	1546719	1557115
10	1509533	1513016	1518728	1520145	1527202	1529501	1535431	1540612	1546381	1556881
7	1509658	1513212	1518937	1527337	1540752	1546577	1557041
9	1509581	1512949	1518726	1527213	1529542	1535475	1540605	1546465	1556909
8	1508827	1512297	1518045	1529170	1534733	1539893	1545735	1556184
9	1508271	1510202	1514652	1519498	1524992	1528757	1543666	1544624	1547831
7	1507912	1509967	1511956	1524702	1531790	1543331	1544339
9	1508155	1510103	1512101	1516496	1524853	1525604	1531996	1543562	1544465
8	1507993	1510013	1515473	1519264	1524795	1528531	1543387	1547580
7	1509271	1511295	1515637	1524763	1528538	1531141	1543672
9	1497556	1507665	1520796	1522033	1526827	1533932	1536605	1542148	1545218
8	1497394	1507361	1520513	1521834	1524407	1533582	1539605	1544951
8	1497576	1507532	1520681	1521991	1526764	1533823	1536528	1542111
8	1497328	1507433	1520574	1521834	1524585	1533688	1539035	1544994
7	1496662	1519842	1521119	1523729	1532930	1541261	1544264
5	1500857	1504546	1507516	1512647	1526354
7	1500489	1504219	1512294	1513943	1522603	1529160	1532781
8	1500660	1504341	1505084	1512421	1514041	1519085	1529314	1532931
5	1500639	1504383	1507337	1512481	1526120
8	1503571	1506579	1511656	1514579	1519237	1523432	1525835	1530189
6	1521600	1524005	1528345	1536992	1543581	1571597
6	1521414	1523715	1525258	1536755	1543224	1571468
5	1521509	1523913	1536916	1543437	1571588
7	1521454	1523737	1527514	1536766	1543314	1545749	1571423
7	1520692	1523896	1527336	1529738	1537087	1543956	1570715
9	1513412	1521981	1528262	1529496	1537585	1540818	1549649	1556266	1566888
7	1513157	1521603	1528001	1529339	1542517	1549386	1566602
9	1513220	1521774	1528104	1529251	1537451	1540622	1549508	1556141	1566779
8	1513311	1521770	1528123	1529344	1542620	1549481	1556062	1566656
10	1512476	1520978	1527320	1529900	1532179	1537889	1539855	1542301	1548710	1549859
7	1508075	1517372	1519121	1523462	1526110	1544428	1559727
8	1507833	1517107	1518971	1523312	1529930	1534589	1544150	1559450
7	1508027	1517315	1519085	1523365	1526038	1544295	1559597
8	1507834	1517116	1518960	1523353	1530039	1534581	1544232	1559527
7	1507142	1516428	1518237	1522574	1529276	1533840	1558773
9	1478633	1483059	1498667	1522441	1527051	1534482	1537816	1547525	1557675
11	1478420	1482720	1498435	1522219	1526839	1528017	1534159	1535405	1541085	1547257	1557353
9	1478520	1482880	1498517	1522377	1526964	1534317	1537687	1547366	1557533
11	1478484	1482866	1498540	1522235	1526887	1528047	1534278	1535563	1541140	1547388	1557454
7	1477706	1497740	1527424	1529581	1533510	1546588	1556708
7	1515798	1525558	1527879	1529625	1540025	1545455	1572713
7	1515535	1525376	1527593	1531496	1539780	1545223	1572452
7	1515756	1525496	1526761	1529633	1539974	1545362	1572611
7	1515530	1525392	1527687	1531503	1539784	1545258	1572496
6	1514858	1527529	1528994	1531719	1539091	1544527
10	1509780	1526853	1530775	1531985	1535145	1540081	1546449	1554194	1558938	1564780
9	1509498	1526547	1530507	1534124	1539884	1542927	1553924	1556929	1564501
10	1509666	1526775	1530676	1531932	1535361	1540025	1546370	1554074	1558813	1564650
9	1509568	1526582	1530557	1534194	1539911	1543010	1553987	1557033	1564555
7	1508824	1525887	1529831	1531405	1539183	1545539	1557968
8	1465907	1514361	1519597	1525557	1531341	1535123	1540055	1552834
11	1465648	1514131	1519267	1520069	1525399	1527467	1537976	1542964	1545906	1552562	1556127
8	1465851	1514297	1519430	1525550	1531219	1535038	1540001	1552747
9	1465651	1514138	1519396	1525344	1537894	1542973	1545856	1552738	1556196
9	1513435	1519360	1525568	1526745	1534208	1539147	1542280	1545134	1555443
6	1514360	1519917	1520989	1526012	1527872	1536594
5	1514098	1519571	1520651	1525752	1530705
5	1514227	1519724	1520849	1525882	1527748
5	1514183	1519731	1520720	1525823	1530812
7	1513416	1518936	1525066	1530035	1533899	1535618	1540068
7	1488816	1516952	1520540	1524039	1526169	1530740	1567923
8	1488549	1516721	1520347	1523846	1529164	1532980	1536706	1567648
7	1488767	1516887	1520511	1523975	1526095	1530663	1567844
8	1488546	1516735	1520322	1523890	1529220	1532110	1536620	1567675
7	1516026	1519627	1525217	1526365	1528861	1530650	1533726
13	1495929	1501630	1502341	1512768	1515031	1518829	1523062	1527301	1532215	1537089	1542050	1554468	1556024
11	1495756	1501328	1502119	1512271	1515609	1520160	1524825	1530572	1535081	1541812	1554126
12	1495906	1501551	1512568	1514972	1518720	1522881	1527904	1532181	1537029	1541921	1554330	1555575
11	1495731	1501353	1502169	1512430	1515661	1520222	1524878	1530665	1535104	1541884	1554214
9	1495029	1500670	1514080	1517870	1520216	1530492	1536821	1541756	1553962
8	1474829	1495780	1512532	1520116	1521507	1525482	1530273	1539933
7	1474552	1495253	1512235	1519980	1525205	1528806	1534181
8	1474747	1495655	1512458	1520088	1521383	1525400	1536703	1539867
7	1474584	1495343	1512263	1519985	1525242	1528766	1532335
8	1511570	1519147	1524529	1528061	1529385	1531147	1533570	1536170
6	1516692	1520884	1521609	1528717	1534982	1544687
9	1497570	1516466	1520533	1523843	1528517	1536897	1541891	1547701	1550879
8	1516603	1520730	1521543	1528623	1531645	1534788	1539012	1544628
9	1497644	1516511	1520632	1524013	1528561	1537062	1541912	1547851	1551013
6	1519898	1523253	1527811	1530829	1536255	1547056
10	1494527	1504755	1523009	1524314	1530291	1535226	1538142	1544623	1551954	1561222
11	1494108	1504540	1522718	1524165	1527667	1535038	1535772	1544472	1551680	1556308	1560984
7	1494355	1504613	1522930	1524229	1530180	1535142	1544574
10	1494237	1504645	1522749	1524194	1527679	1535070	1535676	1551762	1554022	1561086
10	1493504	1503835	1523437	1526933	1529326	1534321	1546409	1551006	1552692	1560255
10	1483130	1514875	1519729	1523996	1525701	1543108	1544078	1557470	1560709	1606036
10	1482950	1514467	1519377	1523715	1528711	1534292	1542858	1557172	1560492	1605874
10	1483106	1514719	1519613	1523870	1528876	1534409	1543039	1557304	1560600	1605914
12	1482924	1514578	1519455	1523966	1525488	1529930	1534294	1542870	1543888	1557295	1560545	1605954
9	1482227	1513861	1518736	1523278	1524790	1533568	1542170	1556506	1559788
9	1514521	1517295	1522448	1528406	1532749	1540559	1541957	1546868	1557497
8	1514232	1517079	1522134	1526593	1532566	1540418	1543758	1557268
9	1514456	1517231	1522363	1528371	1532740	1540527	1541902	1546771	1557398
9	1514251	1517061	1522175	1526646	1532521	1535730	1540411	1543736	1557323
8	1513561	1521489	1525895	1527495	1531823	1539683	1541090	1545953
6	1507123	1510115	1518443	1523442	1531819	1537205
8	1506742	1509837	1518109	1519804	1524895	1531518	1536941	1538698
7	1506893	1510000	1518289	1525057	1531664	1537069	1538749
6	1506932	1509932	1518234	1523208	1531627	1537009
7	1506122	1509175	1519130	1522466	1524243	1536524	1537947
4	1506432	1518053	1523437	1541371
6	1506229	1517811	1523205	1528687	1541110	1542629
5	1506378	1518010	1523370	1527652	1541301
6	1506235	1517804	1523221	1528659	1541135	1542591
6	1505517	1517122	1522522	1524058	1529873	1541903
0
0
0
0
0
07/19/2017 13:45:06	07/19/2017 13:50:56
