7	1510202	1513459	1514494	1519586	1530788	1535662	1555056
8	1510267	1513409	1517012	1520591	1526255	1530742	1535700	1555042
7	1510173	1513410	1514479	1519515	1530685	1535602	1554967
8	1510252	1513417	1516992	1520612	1526215	1530811	1535699	1555078
6	1509421	1513716	1516166	1519740	1522998	1529930
8	1506514	1507869	1515199	1521498	1524299	1529269	1534362	1545269
8	1506504	1507829	1515230	1517211	1526520	1531332	1536651	1545347
8	1506467	1507812	1515053	1521447	1526511	1529245	1534273	1545279
7	1506496	1507833	1515244	1517207	1526508	1536703	1545285
10	1505690	1509006	1514327	1517499	1520680	1525715	1528495	1533535	1535864	1544493
7	1512575	1518424	1520703	1526849	1534320	1541851	1544328
8	1502748	1512696	1518507	1520732	1528686	1534338	1537249	1541888
8	1512579	1518432	1520643	1526809	1534246	1537108	1541816	1544296
7	1512638	1518443	1520741	1528650	1534372	1537227	1541861
8	1511814	1517649	1519902	1521859	1526045	1536360	1541048	1543528
7	1494949	1503146	1505970	1517758	1518661	1524436	1540872
8	1495006	1503157	1506049	1517796	1524391	1529059	1534607	1540836
7	1494907	1503127	1505935	1517701	1518554	1524381	1540799
8	1494994	1503107	1506026	1517801	1524394	1529037	1534619	1540857
4	1494162	1525578	1528219	1529827
7	1500532	1518771	1521170	1527684	1532141	1538047	1542195
7	1500556	1518872	1520588	1527633	1531452	1534458	1540338
7	1500528	1518769	1520665	1527616	1532165	1537988	1542193
7	1500502	1518825	1521124	1527654	1531419	1534472	1540311
6	1518004	1526845	1530622	1533628	1537220	1539461
9	1505332	1512862	1513799	1519039	1523508	1533215	1542530	1551794	3998654
9	1505406	1512881	1513877	1521255	1526628	1531744	1540583	1551753	3998755
9	1505280	1512822	1513806	1519029	1523403	1533153	1542475	1551730	3998641
9	1505403	1512874	1513841	1521292	1526575	1531698	1540643	1551764	3998721
9	1504555	1512056	1513504	1518222	1526636	1530860	1535948	1541710	3997896
9	1505566	1510671	1512288	1519413	1523119	1529187	1538949	1544970	1606459
8	1505592	1510742	1519543	1521709	1526027	1538918	1544985	1606451
8	1505526	1510634	1512164	1519409	1529142	1538835	1544925	1606400
9	1505573	1510727	1512296	1519487	1521733	1526064	1538968	1544980	1606453
8	1504766	1509890	1511443	1522310	1525200	1528407	1538115	1605634
6	1518106	1519147	1525125	1531242	1537892	1542240
7	1517997	1519062	1525157	1529725	1533353	1537965	1542353
7	1517987	1519023	1525063	1527037	1531220	1537865	1542203
7	1518070	1519156	1525158	1529766	1533376	1537936	1542330
6	1526523	1530481	1537116	1538608	1542395	1543542
7	1503814	1517933	1520084	1521947	1526706	1531996	1539608
7	1503906	1517949	1520103	1524833	1533688	1539624	1543313
7	1503805	1517881	1520059	1521868	1526611	1531902	1539546
7	1503861	1517953	1520078	1524751	1533153	1539633	1543280
5	1517126	1519276	1527011	1529625	1542472
13	1505147	1510726	1514317	1521734	1524963	1527352	1532891	1536620	1547539	1554241	1564824	1572804	1588910
13	1505258	1510777	1514295	1516079	1521716	1524890	1530074	1534337	1538794	1547542	1554262	1572846	1588974
12	1505160	1510707	1514246	1521702	1524851	1532880	1536669	1547476	1554154	1564801	1572764	1588863
13	1505192	1510750	1514314	1516128	1521698	1524946	1529998	1534341	1538818	1547551	1554291	1572826	1588963
11	1504388	1509941	1513500	1527823	1532083	1533518	1537981	1546725	1548168	1553436	1572007
9	1411465	1507894	1508725	1514733	1520957	1523948	1528295	1536181	1544935
8	1411148	1507957	1508736	1516943	1520865	1526497	1536213	1544960
9	1411292	1507867	1508671	1514715	1520829	1523954	1528263	1536138	1544861
7	1411280	1507937	1508744	1516887	1520927	1536179	1544981
8	1410497	1507113	1509721	1516384	1521152	1523939	1528729	1544131
7	1508106	1514870	1517512	1521273	1529338	1535734	1574118
8	1508206	1514875	1517482	1521242	1524518	1529375	1535762	1574174
7	1508112	1514836	1517453	1521166	1529296	1535695	1574110
8	1508148	1514858	1517507	1521306	1524523	1529365	1535744	1574135
6	1507339	1514055	1516676	1521500	1528547	1573329
10	1489756	1511765	1513552	1520617	1525534	1532490	1535278	1540097	1553257	1556819
10	1489832	1511897	1512966	1520689	1525517	1528448	1532582	1536981	1553325	1556849
10	1489779	1511781	1513125	1520597	1525498	1532450	1536978	1540040	1553227	1556768
10	1489761	1511827	1513006	1520662	1525499	1528447	1532536	1536952	1553301	1556849
9	1488985	1511011	1519839	1524712	1527606	1536170	1539679	1552473	1556018
10	1507810	1508829	1517221	1524106	1526257	1538360	1540607	1545070	1551077	3966280
9	1507823	1508815	1517272	1524065	1527700	1538409	1545176	1551090	3966293
10	1507731	1508736	1517203	1524022	1526293	1538330	1540569	1545052	1551004	3966214
9	1507853	1508867	1517256	1524108	1527620	1538388	1545140	1551114	3966321
5	1507003	1523255	1528886	1537573	1544313
7	1520553	1521411	1524874	1541685	1542469	1552190	1555331
7	1520581	1521467	1528042	1541682	1542402	1552231	1555359
8	1520474	1521371	1524640	1528056	1541584	1542419	1552108	1555293
5	1520614	1521458	1541726	1552258	1555344
3	1519750	1551398	1554522
6	1508033	1512315	1517590	1528050	1542509	4083830
7	1508176	1512285	1517622	1528083	1531349	1542687	4083883
7	1508071	1512252	1517559	1527990	1531277	1542551	4083833
6	1508087	1512278	1517600	1528091	1542601	4083820
5	1507292	1517776	1530525	1533288	1541777
6	1518984	1523698	1524504	1529579	1540229	1551710
5	1519038	1523740	1529551	1540298	1551680
6	1518915	1523675	1524461	1529520	1540194	1551617
5	1519056	1523690	1529562	1540281	1551723
5	1523689	1528750	1539453	1541156	1550881
6	1518353	1519916	1525466	1538044	1542167	1555245
7	1518408	1519977	1525456	1529713	1534086	1543274	1555208
6	1518280	1519883	1525397	1537953	1542062	1555146
7	1518431	1519952	1525496	1529760	1534050	1543277	1555248
6	1517568	1519129	1524649	1528962	1538558	1542465
11	1508181	1512236	1516137	1518900	1523127	1526803	1531426	1538632	1540319	1545865	1552198
8	1508177	1512062	1516122	1518868	1528632	1537596	1543211	1552140
7	1508100	1512071	1515960	1528122	1538626	1543089	1552047
8	1508198	1512194	1523156	1526610	1531436	1540380	1545842	1552234
7	1511336	1518071	1522338	1524086	1530594	1537894	1545057
7	1525565	1526472	1531245	1539656	1548227	1554166	1557350
6	1525581	1526423	1531186	1535817	1548250	1554091
8	1525468	1526417	1531182	1533292	1539607	1548200	1554036	1557304
6	1525628	1526442	1539673	1548227	1554184	1557294
6	1524761	1525965	1530361	1535009	1547423	1553312
8	1505520	1513277	1516806	1521425	1523644	1530339	1537287	1559909
7	1505538	1513359	1516817	1521436	1530294	1537266	1559925
8	1505470	1513236	1516761	1521369	1523658	1530352	1537295	1559855
8	1505537	1513344	1514328	1516791	1521440	1530268	1537359	1559926
8	1504717	1512505	1515989	1520609	1524566	1530185	1536442	1559097
6	1513506	1516676	1517866	1525963	1531110	1546043
6	1513509	1516771	1520919	1525903	1528467	1546148
6	1513453	1516705	1517837	1522592	1531027	1546036
6	1513511	1516688	1520880	1525934	1528472	1546095
8	1512695	1515904	1517067	1520061	1525124	1530264	1531924	1534506
13	1491186	1502500	1503920	1512639	1520734	1526282	1531776	1535762	1539476	1544875	1550543	1561780	1601642
11	1491289	1502445	1503693	1512681	1519516	1526980	1531773	1544908	1550617	1561765	1601702
13	1491205	1502411	1503876	1512593	1520706	1526189	1531724	1535644	1539433	1544848	1550515	1561724	1601576
11	1491236	1502481	1503444	1512676	1519538	1526925	1531754	1544883	1550594	1561775	1601703
9	1501657	1511850	1518678	1519926	1525439	1530961	1538694	1549765	1560902
6	1503240	1510587	1512172	1521384	1526649	1539364
9	1503235	1510652	1512149	1515265	1520071	1523599	1527641	1532641	1539442
6	1503184	1510601	1512089	1521339	1526588	1539346
9	1503239	1510599	1512168	1515289	1520024	1523556	1527605	1532562	1539412
6	1502419	1515366	1519233	1520506	1522710	1526718
10	1498948	1501108	1505640	1513829	1516620	1521958	1525970	1531578	1544825	1562093
11	1498983	1501176	1505698	1513834	1519144	1523563	1528293	1534143	1537645	1544797	1562193
9	1498919	1501042	1505599	1513752	1521867	1525909	1531537	1544711	1562080
11	1498960	1501133	1505674	1513867	1519147	1523548	1528291	1534093	1537695	1544846	1562152
9	1498141	1513019	1519833	1521162	1526486	1529131	1534196	1536836	1561326
5	1520711	1521750	1526313	1527473	1531769
2	1520829	1521873
5	1520711	1521786	1526299	1527425	1531724
2	1520779	1521891
3	1528915	1531400	1532875
9	1514758	1517090	1519246	1523508	1528255	1534621	1545345	1552895	1566677
9	1514807	1517021	1521615	1528297	1530884	1534635	1545404	1552856	1566716
9	1514712	1516992	1519115	1523463	1528240	1534565	1545303	1552846	1566635
9	1514796	1517072	1521659	1528249	1530829	1534632	1545389	1552857	1566706
8	1516246	1518380	1520798	1530002	1533814	1544561	1552065	1565883
8	1515640	1516770	1522391	1529680	1532953	1536475	1544291	1550939
5	1515462	1516705	1529630	1544253	1550966
8	1515429	1516681	1522378	1529534	1532843	1536461	1544201	1550904
6	1515640	1516747	1529706	1532891	1544283	1550941
6	1514860	1522709	1532064	1535692	1543452	1550140
9	1510955	1516973	1518865	1522268	1527521	1534256	1537486	1541784	1545591
5	1511001	1516991	1524667	1534276	1537617
9	1510874	1516885	1518844	1522186	1527449	1534215	1537522	1541721	1545501
4	1511034	1517023	1524615	1534261
6	1510161	1516173	1521459	1533430	1536733	1540941
7	1514906	1517456	1518856	1525037	1532582	1539147	1544311
7	1514838	1517363	1520829	1532627	1535952	1539120	1544260
7	1514757	1517355	1518802	1524948	1532556	1539084	1544237
7	1514934	1517427	1520818	1532598	1535956	1539141	1544288
6	1516598	1519106	1524188	1531792	1538326	1543468
7	1504163	1510893	1513790	1522645	1529303	1537933	1563127
9	1504195	1510960	1513797	1514983	1522676	1524123	1529304	1537939	1562892
7	1504105	1510880	1513729	1522600	1529286	1537896	1562977
8	1504205	1510917	1513807	1522666	1524141	1529272	1537933	1562993
6	1510115	1512975	1522565	1525129	1528461	1537122
9	1460814	1493243	1509040	1509991	1513175	1518948	1523198	1532904	1536214
7	1460842	1493316	1509006	1510300	1516456	1532923	1536237
10	1460790	1493295	1509014	1509844	1513102	1518900	1523493	1527495	1532886	1536222
7	1460810	1493209	1508989	1513227	1516502	1532897	1536181
5	1460009	1492463	1508205	1515686	1535409
5	1505444	1514913	1517622	1523244	1534971
7	1505530	1514962	1517618	1523318	1525772	1534914	1540338
6	1505427	1514879	1517545	1523185	1534879	1540328
6	1505499	1514950	1517653	1523312	1525615	1534962
7	1504673	1514127	1516813	1518964	1522468	1526626	1534131
10	1499250	1512582	1520865	1524668	1527987	1532138	1535444	1550343	1564190	1565696
9	1499280	1512702	1520955	1524689	1528029	1538903	1543755	1550412	1564257
10	1499241	1512556	1520799	1524612	1527939	1532080	1535371	1550318	1564200	1565581
9	1499237	1512674	1520952	1524692	1528004	1538898	1543674	1550388	1564188
8	1498455	1511824	1523870	1527184	1531315	1533378	1538071	1563400
7	1509050	1521222	1522335	1527423	1532115	1538237	1541003
7	1509068	1521274	1522452	1527393	1532150	1538296	1541040
7	1509017	1521153	1522304	1527308	1532090	1538206	1540942
7	1509043	1521289	1522408	1527467	1532129	1538279	1541043
5	1508240	1520434	1526564	1537456	1540205
6	1508179	1510366	1517734	1522160	1526771	1535571
6	1508307	1510475	1517753	1522262	1523464	1537385
6	1508145	1510346	1517679	1522092	1526700	1535466
6	1508283	1510439	1517754	1522276	1523446	1537388
8	1509609	1516925	1521400	1522631	1529667	1531500	1533765	1536542
6	1498453	1525907	1528374	1531217	1535095	1561243
5	1498435	1525972	1528473	1537690	1561284
6	1498474	1525849	1528344	1531167	1534975	1561254
5	1498365	1525978	1528453	1537693	1561217
5	1497632	1525120	1527606	1530413	1534882
7	1515536	1517426	1524560	1529412	1533446	1544462	1557497
7	1515566	1517457	1524588	1529475	1544473	1546688	1557604
7	1515506	1517368	1524537	1529391	1533379	1544415	1557470
7	1515541	1517456	1524585	1526356	1544470	1546680	1557580
7	1516624	1523746	1528629	1529852	1533404	1545884	1556740
7	1446576	1502650	1513991	1515653	1518409	1529338	1542308
7	1446349	1502743	1513933	1515605	1519868	1529328	1542224
7	1446495	1502629	1513930	1515561	1518017	1529274	1542225
7	1446376	1502715	1513951	1515660	1519888	1529352	1542313
6	1513146	1515844	1517992	1528484	1530462	1541412
11	1503056	1512358	1516521	1517537	1521773	1525885	1530276	1537323	1539433	1548289	1559652
9	1503076	1512453	1516522	1519609	1523127	1533819	1537292	1548358	1559659
11	1503006	1512337	1516447	1517382	1521745	1525849	1530262	1537245	1539373	1548233	1559590
8	1503075	1512421	1516525	1523344	1533791	1537315	1548358	1559672
7	1511592	1515696	1521417	1523254	1529473	1536496	1538599
7	1513597	1514879	1517453	1522814	1527970	1538107	1540628
6	1513699	1514884	1519840	1527974	1528613	1538087
7	1513584	1514835	1517409	1522843	1527891	1538011	1540572
6	1513662	1514880	1519818	1528027	1530823	1538107
7	1514072	1516646	1522062	1527090	1530005	1537668	1539769
8	1508094	1516868	1519894	1526207	1530849	1536934	1546583	1559801
9	1508050	1516753	1519846	1526224	1529684	1534399	1537040	1546692	1559914
8	1508064	1516729	1519875	1526169	1530891	1537001	1546610	1559777
8	1508033	1516861	1519827	1526220	1529708	1534360	1546619	1559881
7	1507263	1519065	1525402	1529365	1536177	1545830	1559043
9	1511074	1512134	1515567	1521924	1526467	1529318	1534060	1545282	1621941
6	1511164	1512171	1522059	1526497	1545219	1621857
9	1511043	1512088	1515460	1521903	1526439	1529259	1534047	1545219	1621829
7	1511142	1512177	1522027	1526486	1535396	1545230	1621922
6	1510304	1521175	1525673	1533698	1536385	1621082
8	1518157	1519417	1522501	1528059	1531361	1543260	1557335	1562012
7	1518146	1519446	1524191	1543285	1544253	1557445	1562047
8	1518102	1519367	1522472	1527992	1531301	1543222	1557294	1561985
6	1518154	1519431	1543264	1544231	1557426	1562019
7	1517339	1521707	1527903	1530564	1542452	1543741	1561212
7	1502744	1516264	1521609	1522562	1525400	1530412	1544075
6	1502785	1516260	1521563	1522610	1532796	1544090
7	1502700	1516180	1521578	1522490	1525317	1530357	1544064
7	1502773	1516297	1521540	1522637	1526846	1532716	1544033
7	1501952	1515445	1521773	1524601	1525968	1529615	1531946
6	1511602	1520878	1523588	1526366	1529972	1547369
5	1511630	1520935	1523623	1527061	1547515
6	1511583	1520867	1523532	1526326	1529972	1547398
6	1511600	1520903	1523613	1527055	1536174	1547438
6	1510803	1520095	1525585	1529215	1532959	1546637
7	1517388	1521183	1525472	1531733	1535110	1539957	1546310
6	1517447	1521229	1525440	1535163	1538142	1546325
7	1517311	1521095	1525367	1531681	1535075	1539898	1546221
6	1517467	1521256	1525496	1535154	1538144	1546350
7	1516583	1520385	1524635	1526922	1528766	1530938	1535210
5	1521233	1523391	1535903	1545082	1553758
6	1521373	1523349	1527184	1535959	1545072	1553691
5	1521164	1523273	1535854	1545045	1553661
6	1521392	1523426	1527233	1533775	1545053	1553741
6	1520489	1523301	1528910	1535632	1537538	1544257
7	1509282	1512743	1521253	1525812	1531618	1541132	1608369
7	1509282	1521245	1525767	1528941	1531640	1541119	1608361
7	1509178	1512648	1521170	1525762	1531588	1541074	1608323
7	1509339	1521290	1525772	1528960	1531622	1541112	1608353
5	1508468	1524982	1528164	1530812	1607549
10	1508215	1513246	1515957	1517372	1525362	1526935	1531845	1535328	1543442	1554998
8	1508257	1513213	1515929	1518945	1525442	1535304	1543492	1554945
8	1508145	1513183	1515860	1518981	1525372	1535274	1543415	1554940
6	1508272	1513236	1525382	1535325	1543468	1554955
5	1512420	1524580	1528914	1534496	1554150
5	1505571	1513196	1516928	1523323	1530996
5	1505603	1513225	1516951	1523296	1531044
4	1505521	1513184	1516872	1531030
5	1505607	1513186	1516958	1523327	1530954
3	1512398	1517519	1519291
9	1506972	1511856	1514016	1518497	1522590	1529953	1534473	1546887	1551651
9	1507026	1511866	1514077	1522538	1526726	1532897	1535847	1546934	1551638
9	1506925	1511816	1514009	1518456	1522525	1529887	1534378	1546819	1551586
9	1507019	1511850	1514038	1522561	1526682	1532821	1535802	1546944	1551639
6	1506180	1511045	1513233	1521734	1532071	1534075
8	1508405	1515574	1517662	1522022	1533677	1536199	1544097	1561583
8	1508462	1515645	1517653	1519019	1523966	1533658	1544151	1561664
9	1508393	1509817	1515551	1517580	1521980	1533630	1536186	1544044	1561558
8	1508425	1515618	1517698	1519026	1523903	1534625	1544146	1561638
9	1507620	1514790	1516846	1521199	1524961	1527060	1534435	1536809	1543299
9	1504179	1515307	1516289	1519202	1524820	1528718	1534512	1543819	1561099
8	1504205	1515405	1516286	1524821	1527125	1536574	1543873	1561132
9	1504102	1515258	1516255	1519136	1524753	1528638	1534484	1543777	1561020
8	1504228	1515404	1516269	1521821	1527173	1536627	1543851	1561156
5	1503380	1517347	1523997	1529254	1533679
11	1496090	1517542	1519910	1523423	1527118	1533205	1536731	1544318	1558794	1573444	1576169
11	1496031	1517535	1519900	1529859	1533265	1537469	1544309	1548010	1558872	1573411	1576066
11	1496024	1517508	1519868	1523357	1527082	1533123	1537429	1544254	1558758	1573361	1576029
11	1496052	1517514	1519905	1529798	1533296	1537479	1544335	1547968	1558852	1573442	1576169
8	1495251	1529036	1533546	1536666	1543501	1547182	1558018	1572616
4	1525990	1526721	1535313	1576437
4	1526075	1528768	1532923	1537779
5	1525947	1528665	1535252	1540835	1576397
5	1526068	1526791	1532934	1537755	1576450
5	1525216	1527946	1532103	1534518	1536885
8	1506414	1523403	1526590	1527876	1531980	1541642	1549737	1559956
9	1506419	1507598	1523489	1526615	1531967	1534539	1539785	1549680	1559977
9	1506304	1507474	1523357	1526571	1527830	1531936	1541548	1549605	1559913
8	1506480	1523483	1526578	1531952	1534460	1539772	1549772	1559969
7	1525789	1527068	1532682	1535434	1538947	1540802	1548894
8	1498170	1509024	1519453	1525602	1527301	1533328	1537649	1555026
9	1498148	1508999	1519386	1525583	1527349	1533420	1536147	1539342	1555105
8	1498065	1508912	1519360	1525537	1527043	1533333	1537617	1554974
9	1498199	1509062	1519427	1525601	1527339	1533373	1536208	1539532	1555109
8	1497349	1508199	1518605	1526513	1532561	1535320	1538688	1554251
5	1521078	1523740	1536888	1545616	1554481
6	1521025	1523814	1529397	1536945	1545665	1554570
5	1520951	1523741	1536847	1545596	1554411
7	1521105	1523745	1529442	1532158	1536925	1545634	1554580
5	1523997	1528978	1530325	1536104	1553719
6	1514135	1516926	1518335	1522646	1530751	1532333
5	1514173	1516965	1521689	1524447	1530805
6	1514051	1516830	1518265	1522606	1528096	1532340
5	1514206	1517004	1521709	1524471	1530721
6	1513337	1516131	1520824	1529958	1535335	1537476
8	1509343	1510511	1515334	1519106	1525328	1533097	1544600	1547056
7	1509352	1510529	1515391	1525349	1529422	1533909	1544645
9	1509304	1510455	1515325	1519052	1525294	1528577	1533032	1544562	1546965
7	1509334	1510526	1515350	1525331	1529395	1533962	1544634
8	1508531	1509708	1514547	1524503	1527825	1532547	1543793	1546208
10	1503360	1507527	1510960	1511835	1521497	1527372	1532043	1537420	1540746	1570665
8	1503271	1507532	1510882	1515434	1521445	1524709	1537446	1570743
9	1503250	1507492	1510895	1511752	1521444	1527270	1531840	1540726	1570689
8	1503328	1507518	1510908	1515388	1521441	1524707	1537414	1570669
8	1506710	1510106	1514614	1523865	1526548	1531123	1536616	1539947
7	1490621	1512904	1520690	1521971	1526043	1531688	1541620
7	1490517	1512947	1520756	1522005	1528640	1534351	1541737
7	1490496	1512912	1520684	1521918	1526051	1531644	1541650
7	1490600	1512883	1520709	1521997	1528649	1534343	1541657
8	1489759	1519908	1522618	1525514	1528710	1533513	1540865	1543036
9	1482285	1502888	1510327	1516299	1522452	1526954	1530053	1545579	1611266
9	1482359	1502932	1510335	1516378	1522422	1533798	1537298	1545597	1611191
10	1482330	1502848	1510256	1516278	1522386	1526901	1529964	1535341	1545526	1611163
8	1482240	1502921	1510360	1516357	1522438	1537315	1545577	1611246
6	1502093	1509519	1521627	1527706	1529220	1532997
8	1509755	1519034	1526720	1528061	1539080	1546988	1551086	1555664
7	1509805	1519067	1526677	1528100	1539078	1551226	1555740
7	1509732	1518999	1526622	1528001	1538946	1551100	1555621
7	1509773	1519048	1526730	1528124	1539155	1551156	1555724
7	1508967	1518234	1525884	1527271	1531021	1538235	1550342
10	1499269	1513869	1515529	1531003	1532841	1537357	1540831	1548612	1550231	1561879
10	1499332	1513966	1515739	1519931	1531084	1535099	1539407	1544255	1548614	1562007
10	1499244	1513850	1515684	1530971	1532781	1537282	1540693	1548560	1550185	1561888
10	1499305	1513933	1515677	1519924	1531069	1535078	1539307	1544303	1548631	1561945
8	1498489	1513103	1519111	1530229	1531980	1536555	1539980	1561129
8	1512616	1522834	1524481	1526868	1532442	1536524	1543885	1546426
6	1512633	1522884	1524488	1529220	1538467	1543991
8	1512595	1522766	1524382	1526839	1532371	1536395	1543884	1546348
7	1512606	1522902	1524540	1529250	1538460	1543945	1547187
8	1511812	1522020	1523683	1526072	1528397	1531633	1538122	1545632
8	1512529	1516070	1517144	1522978	1526507	1531814	1537546	1540096
6	1512683	1516024	1519694	1531822	1532439	1537670
8	1512484	1515967	1517052	1522920	1526444	1531741	1537516	1540069
6	1512675	1516076	1519723	1531824	1532427	1537644
6	1515235	1518883	1522177	1531609	1536789	1539289
9	1524658	1527298	1530046	1534071	1544277	1547845	1552921	1558302	1564718
9	1524657	1527333	1532540	1537754	1540593	1553032	1553992	1558404	1564769
9	1524623	1527243	1529992	1533986	1544203	1547799	1552940	1558278	1564713
9	1524647	1527358	1532553	1537727	1540598	1552973	1553860	1558376	1564722
11	1523845	1526485	1529264	1533236	1536896	1539746	1543442	1547029	1552158	1557538	1563934
9	1500381	1505434	1507283	1511792	1525559	1530089	1539298	1541225	1545958
9	1500419	1505428	1507309	1511793	1525632	1530048	1535300	1539356	1545965
9	1500342	1505354	1507215	1511715	1525518	1530067	1539271	1541120	1545885
9	1500404	1505462	1507315	1511822	1525608	1530022	1535292	1539332	1545977
8	1499584	1504619	1510983	1530586	1532042	1534457	1539116	1545470
5	1502575	1504678	1509377	1512917	1547179
7	1502595	1504627	1509370	1518711	1522834	1528305	1547105
6	1502553	1504646	1509235	1518672	1522873	1547065
8	1502563	1504611	1515356	1520341	1525486	1529527	1545563	1547165
6	1509438	1512113	1517914	1519534	1528726	1546332
8	1512830	1515460	1517825	1521420	1526654	1530966	1539843	1548844
8	1512818	1515551	1518861	1526668	1528005	1539757	1543060	1548887
8	1512756	1515424	1517763	1521403	1526634	1530974	1539734	1548823
8	1512844	1515542	1518843	1526640	1528061	1539801	1543088	1548856
7	1512009	1514692	1518030	1525848	1528834	1542287	1548050
8	1511499	1512420	1520821	1526259	1532586	1534546	1540993	1549825
8	1511516	1512377	1518070	1524139	1528764	1532632	1540917	1549959
9	1511429	1512311	1515369	1517969	1524075	1528740	1532521	1540873	1549828
6	1511536	1512441	1520862	1534596	1540986	1549903
6	1511606	1513510	1517211	1523308	1533737	1549078
9	1509149	1512870	1517450	1526247	1531586	1536801	1543933	1545488	1575767
10	1509123	1512887	1517510	1519684	1526369	1529342	1533350	1538741	1543940	1575809
8	1509089	1512802	1517236	1526214	1531520	1536772	1543881	1575770
10	1509127	1512898	1517525	1519667	1526349	1529252	1533420	1538708	1543937	1575748
8	1512067	1516568	1525495	1529572	1530770	1538316	1543119	1574972
8	1502720	1515418	1517635	1524189	1529236	1533823	1545853	1553928
8	1502788	1515438	1517679	1524264	1527463	1530892	1545852	1554024
8	1502740	1515391	1517575	1524108	1529195	1533776	1545790	1553930
8	1502725	1515411	1517685	1524288	1527448	1530933	1545864	1553970
7	1517331	1523413	1526650	1528431	1533017	1545035	1553160
8	1516450	1517341	1521052	1526455	1529855	1534812	1540352	1557864
6	1516383	1517336	1526463	1532184	1536978	1557923
8	1516317	1517222	1520505	1526415	1529824	1534768	1539184	1557803
5	1516475	1517468	1526465	1536965	1557932
6	1515582	1518831	1525631	1529056	1531342	1557077
11	1495863	1505822	1512062	1517541	1520023	1525144	1534159	1549227	1562425	1563927	1570183
11	1495969	1505779	1512001	1517574	1525088	1534191	1541305	1549235	1562424	1563926	1570116
11	1495861	1505736	1511944	1517450	1519949	1525015	1534096	1549154	1562368	1563871	1570062
11	1495917	1505815	1512073	1517618	1525178	1534207	1541394	1549253	1562429	1563931	1570192
11	1495104	1516746	1519229	1524305	1533683	1535030	1540535	1548416	1561611	1563112	1569340
5	1509736	1521394	1525867	1528627	1530025
5	1509691	1521394	1525861	1528613	1532998
5	1509606	1521336	1525787	1528556	1529979
5	1509776	1521404	1525891	1528622	1532941
4	1508901	1520578	1525051	1527798
8	1495296	1508865	1518136	1518993	1524810	1535411	1547666	1551753
9	1495312	1508899	1518133	1521587	1524801	1528897	1535511	1538540	1547711
8	1495235	1508777	1518052	1518947	1524748	1535469	1547596	1551632
10	1495320	1508941	1518169	1519160	1524797	1528867	1535415	1538578	1547732	1551787
8	1494490	1508069	1517312	1520768	1525667	1528063	1534642	1550924
7	1518276	1519100	1526192	1533930	1539954	1542825	1547002
7	1518308	1519058	1526187	1528703	1533928	1539955	1542839
7	1518222	1518992	1526175	1533811	1539878	1542797	1546943
7	1518303	1519135	1526151	1528704	1533993	1539979	1542820
6	1520300	1525373	1529575	1539145	1542010	1546203
6	1506765	1508770	1510599	1519026	1525820	1531977
7	1506763	1508746	1512504	1518997	1525747	1527461	1531932
7	1506666	1508750	1510511	1519009	1525720	1527395	1531913
5	1506807	1508726	1518962	1525802	1531952
5	1507959	1511740	1518199	1524974	1526642
7	1485642	1504098	1504872	1516294	1519491	1525347	1526358
7	1485710	1504184	1516330	1519430	1525337	1529745	1533186
8	1485571	1504065	1504835	1516229	1519390	1525257	1526331	1533191
8	1485726	1504167	1505844	1516344	1519502	1525370	1529841	1533148
7	1504054	1515500	1518646	1525566	1526934	1529824	1532380
10	1502461	1513071	1519313	1520771	1526294	1533057	1537656	1540361	1547379	1596907
11	1502438	1513129	1519302	1520774	1524275	1528729	1533078	1537632	1542962	1547407	1596912
10	1502425	1513046	1519210	1520779	1526273	1533030	1537579	1540329	1547347	1596821
11	1502434	1513107	1519351	1520728	1524288	1528724	1533046	1537658	1542947	1547389	1596952
9	1501603	1512285	1519964	1523445	1525491	1536830	1539571	1546578	1596095
9	1511609	1513100	1518504	1522437	1528744	1533214	1534592	1542703	1595992
9	1511538	1513103	1518573	1522475	1528752	1533282	1537605	1542737	1596101
9	1511515	1513039	1518556	1522404	1528672	1533234	1534587	1542702	1595979
8	1511590	1513136	1518485	1522448	1528776	1533206	1542681	1596060
7	1510758	1523307	1527931	1532436	1534436	1541900	1595228
8	1514966	1520365	1526879	1528565	1534581	1538114	1548188	1569417
8	1515009	1520448	1526949	1534645	1548186	1549502	1554562	1569530
9	1514923	1520349	1526812	1528511	1534576	1548080	1549211	1554561	1569423
8	1515013	1520413	1526961	1528603	1534599	1548252	1550854	1569473
7	1514182	1533800	1535913	1547375	1548687	1553776	1568660
12	1485455	1508890	1510428	1513727	1518357	1522435	1526812	1532504	1537264	1542560	1548864	1572465
10	1485360	1508972	1510457	1518317	1519406	1524131	1537319	1542736	1548994	1572470
12	1485366	1508870	1510337	1513651	1518274	1522347	1526743	1532415	1537217	1542580	1548839	1572373
10	1485407	1508945	1510461	1514863	1519477	1524127	1537326	1542668	1548962	1572519
9	1508091	1512896	1518622	1521990	1524019	1527528	1531696	1541823	1571638
8	1498238	1498988	1518238	1526450	1527255	1534895	1541627	1550240
9	1498319	1499039	1518243	1526397	1527292	1529188	1534997	1541635	1550196
8	1498193	1498978	1518190	1526349	1527220	1534863	1541558	1550113
8	1498320	1518242	1526444	1527281	1529157	1534979	1541649	1550280
4	1497474	1534135	1540822	1549409
7	1512228	1516414	1517836	1525385	1532501	1535003	1539245
5	1512232	1516357	1519627	1528611	1532517
5	1512156	1516343	1517779	1532402	1534968
4	1512264	1516376	1528646	1532546
5	1518878	1524532	1526225	1534225	1535728
10	1506708	1510172	1512514	1516152	1519876	1526434	1529219	1533336	1541766	1548019
9	1506629	1510042	1512578	1517106	1526410	1530914	1541906	1548017	1551577
9	1506614	1510040	1512419	1516050	1519832	1526428	1529130	1541761	1547934
9	1506675	1510134	1512578	1517119	1526305	1530911	1541862	1548058	1551543
7	1509295	1516289	1519068	1525547	1528416	1541014	1547205
9	1499875	1510318	1516739	1518630	1525344	1533518	1538681	1546309	1555017
8	1499931	1510341	1516805	1518703	1521716	1535754	1546335	1555011
9	1499830	1510243	1516691	1518547	1525325	1533533	1538685	1546289	1554970
9	1499923	1510362	1516804	1518707	1521723	1535717	1539772	1546299	1555008
6	1499080	1509512	1529030	1532728	1534906	1554197
10	1504173	1507409	1511218	1513321	1523238	1527132	1531850	1535837	1557062	1564238
10	1504123	1507345	1511117	1515884	1520328	1523962	1528709	1534820	1557021	1564299
10	1504074	1507281	1511143	1513244	1523217	1527062	1531748	1535798	1556942	1564169
9	1504158	1507417	1511153	1515888	1520352	1528732	1534813	1557088	1564307
7	1503567	1506557	1510338	1517852	1523134	1534010	1536092
9	1479902	1504742	1506954	1508936	1511441	1515984	1520306	1527847	1530508
6	1479893	1505033	1507030	1514786	1524655	1527888
7	1479817	1504603	1506955	1508846	1514741	1524632	1527819
7	1479925	1504960	1506977	1511408	1520313	1527858	1530501
7	1479080	1504183	1506168	1509260	1513942	1519488	1520976
9	1500970	1504804	1510882	1520879	1524138	1528007	1534904	1537833	1552283
9	1501078	1504904	1510913	1512436	1518177	1520913	1531148	1534948	1552358
10	1500974	1504757	1506187	1510883	1520825	1524114	1527960	1534821	1537871	1552276
9	1501030	1504893	1510860	1512426	1518090	1520922	1531071	1534990	1552310
5	1510070	1511603	1517338	1520072	1524385
8	1501620	1506552	1508078	1517782	1521726	1523684	1529986	1556841
7	1501658	1506609	1508125	1517928	1521760	1526545	1556770
7	1501546	1506512	1508007	1517837	1521681	1526460	1556743
6	1501680	1506609	1517827	1523715	1530007	1556817
5	1500825	1505772	1521693	1525719	1529174
7	1502604	1514214	1519299	1523526	1530792	1539277	1544576
9	1502623	1514253	1519285	1523614	1530918	1532049	1539389	1544688	1547377
7	1502522	1514131	1519225	1523490	1530818	1539242	1544562
8	1502660	1514283	1519308	1523615	1530838	1539362	1544650	1547472
7	1501806	1518479	1530028	1531232	1538524	1543823	1546572
8	1484164	1512974	1513688	1518845	1524882	1526024	1530801	1558864
6	1484225	1512999	1518986	1524834	1530782	1558876
8	1484115	1512931	1514414	1518833	1524790	1526007	1530697	1558791
7	1484233	1512988	1514812	1518931	1524886	1530833	1558898
3	1512176	1524049	1529974
8	1461330	1462920	1504333	1505930	1509238	1518034	1522879	1538566
8	1461418	1462581	1504388	1505913	1510849	1518030	1526265	1538573
9	1461270	1462840	1504313	1505884	1509155	1517943	1522793	1527086	1538498
9	1461428	1463036	1504354	1505894	1510825	1518066	1519427	1526250	1538586
9	1460554	1503549	1505115	1508446	1511492	1517215	1525374	1537753	1539944
9	1506206	1516148	1517006	1521565	1523907	1529924	1532607	1537217	1565802
8	1506342	1516242	1517150	1525331	1529949	1534592	1538554	1565868
9	1506243	1516090	1516945	1521562	1523803	1529883	1532577	1537123	1565793
7	1506249	1516251	1517267	1529949	1534582	1538589	1565819
7	1505459	1515377	1523064	1529120	1533763	1537746	1539145
9	1493185	1504867	1509720	1514836	1520031	1528581	1532035	1538082	4138689
9	1493185	1504858	1509710	1514895	1516079	1528541	1529454	1535807	4138752
9	1493085	1504796	1509661	1514809	1519946	1528543	1531951	1538160	4138675
10	1493218	1504883	1509715	1514874	1516022	1520030	1528530	1529472	1535760	4138709
7	1504054	1514032	1515217	1521164	1527746	1530088	1538174
7	1510194	1516685	1519053	1524653	1529963	1536365	1557745
8	1510246	1516625	1519034	1524669	1526972	1529988	1536419	1557514
7	1510143	1516592	1518953	1524584	1529933	1536340	1557545
8	1510253	1516677	1519077	1524696	1527001	1529985	1536391	1557681
8	1509411	1515845	1518219	1523847	1526174	1529163	1535577	1556822
7	1515097	1517584	1520792	1524058	1539137	1543639	1561430
5	1515118	1517646	1527836	1539177	1561431
6	1515045	1517513	1520753	1539092	1543589	1561345
5	1515115	1517659	1527907	1539171	1561466
5	1514296	1516807	1521787	1527092	1538339
5	1519687	1521510	1528454	1535918	1542076
5	1519804	1521555	1528435	1534042	1542043
5	1519701	1521470	1528425	1535861	1542014
5	1519734	1521547	1528411	1532542	1542078
5	1520716	1527628	1529339	1535119	1541237
7	1510367	1515390	1519610	1531523	1533407	1543295	1549729
9	1510398	1515410	1519667	1531534	1533418	1536097	1543350	1544743	1549795
8	1510355	1515305	1519575	1531474	1533357	1537625	1543235	1549752
9	1510355	1515449	1519648	1531534	1533402	1536119	1543366	1544841	1549718
3	1535571	1542507	1548947
6	1520779	1529310	1530073	1534480	1544175	1552417
6	1520724	1529404	1530126	1531363	1544188	1552392
6	1520697	1529300	1530056	1534447	1544130	1552343
5	1520759	1529353	1530099	1544178	1552417
2	1519942	1529280
7	1509071	1510020	1523801	1528468	1539016	1545537	1561367
7	1509035	1510051	1523896	1526014	1539084	1545550	1561346
8	1508937	1509927	1523804	1525929	1528419	1538984	1545449	1561265
7	1509123	1510093	1523873	1525987	1539064	1545592	1561394
7	1508240	1523535	1525172	1527696	1538239	1544733	1560541
8	1511931	1515236	1516285	1520860	1525633	1529715	1534097	1539221
6	1511906	1515280	1519466	1523266	1529688	1537434
8	1511867	1515198	1516261	1520814	1525585	1529583	1534028	1539109
6	1511920	1515268	1519445	1523238	1529728	1537434
7	1511102	1514438	1518598	1522814	1529493	1530515	1538622
9	1509814	1513476	1522067	1523868	1529632	1542072	1548582	1552320	1559066
9	1509838	1513547	1521955	1525421	1529623	1542175	1545190	1548588	1559087
9	1509767	1513461	1521974	1523791	1529507	1542083	1548529	1552320	1558992
9	1509855	1513514	1522013	1525440	1529665	1542107	1545157	1548589	1559108
8	1512700	1521200	1523072	1530976	1533078	1541304	1547766	1558261
11	1508369	1519714	1523969	1527161	1531038	1533237	1539210	1543196	1553160	1561158	1571108
9	1508491	1519742	1524006	1527158	1531073	1539250	1553119	1561104	1570928
11	1508376	1519669	1523964	1527041	1530999	1533161	1539172	1543110	1553049	1561084	1570972
9	1508436	1519731	1523952	1527252	1531059	1539236	1553179	1561136	1571027
9	1507612	1518908	1523178	1526352	1530245	1538408	1552328	1560314	1570207
9	1510282	1511843	1515196	1520472	1524775	1529116	1533648	1539846	1542755
7	1510322	1515108	1520465	1524741	1526486	1535394	1539743
7	1510246	1511747	1515102	1524708	1526318	1535290	1539780
6	1510302	1515156	1520498	1524769	1538165	1542777
8	1509475	1514342	1523936	1525997	1529145	1533141	1538993	1542992
9	1504057	1513648	1523422	1524393	1527232	1531827	1536682	1541426	1547663
8	1503995	1513701	1523421	1524453	1530707	1533874	1541412	1547690
10	1503960	1513639	1523381	1524382	1527860	1531810	1536567	1541358	1547622	1560574
8	1504044	1513657	1523422	1524416	1530696	1533934	1541422	1547690
8	1503215	1523617	1525753	1529893	1533108	1540600	1542856	1547920
4	1506396	1513791	1514773	1538181
6	1506488	1513821	1517171	1531511	1538204	1541705
5	1506427	1513745	1514857	1525151	1538083
6	1506396	1513818	1514673	1532090	1538191	1541734
7	1505625	1512992	1520609	1524445	1526575	1537307	1540844
7	1516508	1517966	1520707	1527350	1531635	1534542	1545101
6	1516470	1518019	1522980	1527435	1531716	1545122
7	1516426	1518003	1520675	1527277	1531621	1534502	1545047
5	1516510	1518104	1522950	1527459	1545129
6	1515679	1519940	1523079	1526585	1532942	1544292
10	1506864	1511325	1517039	1520006	1524762	1533690	1540333	1546023	1554486	1573435
9	1506965	1511336	1516997	1523616	1526952	1533750	1537084	1546144	1573408
9	1506880	1511265	1516948	1519988	1524713	1533668	1539168	1546023	1573408
9	1506898	1511374	1517041	1523637	1526912	1533735	1537061	1546087	1573378
7	1516209	1519234	1522790	1532894	1541190	1545266	1572603
8	1501546	1511473	1515197	1520213	1522577	1533700	1536046	1553035
8	1501553	1511539	1515253	1520202	1524481	1533740	1542961	1552942
7	1501506	1511482	1515147	1520136	1533687	1542896	1552956
8	1501542	1511483	1515250	1520225	1522628	1533702	1540390	1552967
9	1500737	1514411	1519392	1521814	1525234	1528443	1532905	1542131	1552170
8	1508076	1514036	1515976	1517824	1522105	1526156	1534920	1541196
7	1508153	1514008	1515942	1522104	1523310	1533347	1537797
8	1508010	1513965	1515906	1517828	1522035	1526052	1530295	1541140
7	1508183	1514026	1515954	1522132	1524899	1533328	1537800
7	1513208	1515143	1521293	1523972	1532490	1536980	1540370
8	1515434	1518914	1521661	1526131	1530028	1533989	1538567	1542708
6	1515463	1518944	1521748	1526230	1532206	1542778
8	1515442	1518833	1521642	1526072	1529403	1533923	1538280	1542676
6	1515398	1518974	1521680	1526234	1532216	1542759
6	1514636	1518113	1525369	1529233	1531655	1541927
11	1490356	1497180	1503436	1514287	1515526	1517471	1526532	1533634	1538736	1542307	1551715
12	1490449	1497374	1503469	1514298	1515561	1520367	1525618	1529847	1533590	1538764	1542328	1551843
12	1490345	1497257	1503406	1514232	1515458	1517399	1525543	1526488	1533571	1538638	1542243	1551778
12	1490408	1497248	1503441	1514302	1515551	1519913	1525558	1529836	1533602	1538803	1542339	1551731
9	1489570	1496462	1513474	1514744	1524762	1529023	1532796	1537932	1543163
7	1496659	1497874	1518591	1519949	1523462	1533777	1539776
7	1496690	1497908	1518603	1519881	1525130	1533826	1539802
7	1496595	1497829	1518566	1519651	1523324	1533743	1539729
7	1496706	1497892	1518587	1519986	1525199	1533808	1539798
6	1497083	1517768	1519154	1522633	1526031	1538975
8	1510530	1516277	1519299	1523686	1536525	1541238	1542057	1550449
7	1510610	1516246	1519306	1521347	1536486	1541326	1550471
7	1510536	1516180	1519223	1523639	1536429	1542014	1550378
8	1510548	1519325	1520459	1521367	1536538	1537557	1541276	1550492
6	1518486	1519888	1522876	1535681	1541106	1549632
6	1489589	1490583	1520903	1522605	1537353	1541681
6	1489527	1490568	1520873	1522600	1537305	1541712
6	1489509	1490605	1520812	1522541	1537294	1541672
6	1489554	1490499	1520921	1521816	1537326	1541686
3	1489776	1520074	1521751
6	1495800	1524553	1526562	1529036	1540227	1545046
6	1495852	1524464	1526569	1537135	1540171	1545084
6	1495798	1524465	1526499	1529017	1540134	1545013
6	1495800	1524513	1526612	1537142	1540212	1545064
6	1495010	1523695	1525730	1530600	1536300	1544249
6	1500333	1516823	1518264	1521338	1529441	1537762
6	1500301	1516788	1518205	1529423	1533827	1537757
6	1500308	1516762	1518213	1521107	1529371	1537717
6	1500272	1516796	1518218	1529449	1533918	1537738
5	1516346	1518778	1521330	1528614	1536941
5	1509375	1512892	1525593	1526718	1536819
6	1509367	1512956	1525721	1526720	1529138	1534669
5	1509296	1512896	1525521	1526603	1536778
5	1509392	1512901	1525752	1526768	1534672
6	1508559	1512110	1524823	1528303	1530487	1533858
7	1506523	1513742	1517042	1524766	1530516	1535093	1542860
5	1506495	1513757	1517139	1524714	1541101
7	1506403	1513679	1517039	1524662	1530410	1535074	1542828
5	1506572	1513766	1517090	1524775	1541056
7	1505698	1512938	1523928	1529663	1535995	1540247	1542083
6	1526256	1527142	1530310	1535814	1541044	1549138
5	1526346	1527261	1533549	1537783	1547437
6	1526247	1527134	1530264	1535756	1541049	1549083
5	1526308	1527216	1533590	1537756	1547466
5	1525486	1528762	1532642	1536944	1540319
6	1461886	1523588	1524925	1535061	1546269	1549665
7	1461956	1523648	1524954	1530510	1535084	1546290	1549669
6	1461894	1523500	1524871	1535015	1546284	1549581
7	1461897	1523696	1524965	1529714	1535084	1546252	1549696
5	1461114	1524898	1534521	1545678	1548849
9	1505127	1506683	1524997	1527261	1529230	1534569	1538186	1542795	1570999
8	1505084	1506662	1524936	1527358	1534502	1536111	1540320	1570971
9	1505046	1506610	1524883	1527241	1529215	1534477	1538172	1542773	1570897
8	1505112	1506687	1525004	1527351	1534552	1536120	1540353	1571025
7	1504292	1524156	1526467	1528461	1533705	1539508	1570171
6	1498235	1513893	1523719	1526787	1527726	1540733
7	1498249	1513866	1523703	1526757	1530697	1536178	1540775
6	1498159	1513820	1523633	1526670	1527718	1540695
7	1498278	1513892	1523745	1526827	1530689	1534170	1540765
8	1497433	1513064	1522880	1526978	1528173	1529870	1535374	1540520
4	1520345	1524701	1536694	1558541
6	1520298	1521044	1526053	1530902	1536690	1558448
5	1520276	1524699	1528507	1536573	1558437
6	1520313	1524734	1526076	1530877	1536744	1558509
6	1519491	1523931	1525256	1531187	1535865	1557674
7	1524282	1525846	1530799	1533078	1541421	1542866	1549053
5	1524262	1525759	1530714	1541392	1549134
7	1524224	1525772	1530712	1533018	1541360	1542795	1549006
6	1524271	1525793	1530767	1536690	1541400	1549131
3	1523453	1525003	1548278
5	1515759	1517103	1522342	1531198	1550697
5	1515700	1517138	1520328	1525549	1550690
6	1515664	1517084	1520252	1522272	1531122	1550618
4	1515748	1517130	1525535	1550728
5	1514918	1521509	1524722	1527597	1549856
7	1504862	1508232	1515948	1522273	1527399	1537847	1541188
9	1504983	1508213	1515985	1522295	1525357	1531433	1537827	1541308	1543641
7	1504868	1508206	1515920	1522204	1527378	1537822	1541186
9	1504931	1508182	1515963	1522312	1525336	1531452	1537889	1541242	1543669
8	1507407	1515151	1521470	1523108	1527738	1530615	1536968	1541691
7	1512533	1515644	1520794	1521605	1528193	1531056	1549042
5	1515654	1516579	1523933	1528233	1549057
7	1512443	1515577	1520723	1521582	1528165	1531038	1548977
5	1515665	1516515	1523906	1528194	1549068
6	1514837	1520861	1524342	1527390	1530293	1548232
6	1505658	1516071	1520271	1523516	1525763	1539056
7	1505748	1516155	1520339	1523632	1527590	1532740	1536828
6	1505639	1516098	1517482	1520294	1525728	1538999
6	1505718	1516056	1520263	1523621	1532695	1536282
4	1525348	1532879	1535967	1538258
6	1518226	1519390	1526076	1528370	1536404	1547618
7	1518334	1519420	1526141	1529389	1533813	1539215	1547681
6	1518202	1519335	1526041	1528252	1536348	1547532
5	1518309	1519424	1526121	1539173	1547722
8	1517450	1518600	1525293	1530258	1531642	1535639	1538374	1546837
8	1515441	1516255	1521422	1524750	1530511	1533532	1538150	1544344
6	1515520	1518132	1521515	1530565	1536326	1544361
8	1515405	1516177	1521362	1524672	1530463	1533589	1538044	1544282
6	1515504	1518176	1521515	1530558	1536378	1544385
5	1514671	1517341	1522535	1523924	1532790
10	1508186	1511399	1520899	1521933	1527839	1538395	1547422	1551586	1563583	1587868
11	1508165	1511475	1520881	1523810	1533868	1538306	1542495	1547419	1551578	1563605	1587887
10	1508102	1511343	1520834	1521841	1527792	1538308	1547337	1551506	1563517	1587823
11	1508192	1511482	1520948	1523795	1533912	1538356	1542468	1547442	1551589	1563616	1587873
8	1510622	1520037	1522993	1529586	1533048	1537540	1541658	1562776
7	1522732	1523707	1528565	1532238	1537591	1540498	1551808
5	1522712	1523744	1528590	1534260	1551919
7	1522641	1523676	1528568	1532149	1537537	1540418	1551763
5	1522754	1523733	1528535	1534293	1551906
6	1521905	1527762	1533461	1541188	1544307	1551047
9	1484241	1497927	1506744	1521446	1523117	1527996	1535830	1540025	1552593
10	1484296	1497980	1506808	1521472	1523151	1528017	1533070	1540067	1543353	1552688
9	1484189	1497872	1506687	1521394	1523088	1527947	1535789	1540009	1552592
10	1484299	1497983	1506809	1521469	1523160	1528013	1533082	1540024	1543366	1552642
10	1483456	1497141	1505964	1520643	1522340	1527193	1535038	1539845	1542583	1551825
7	1510525	1515892	1517122	1521110	1526241	1537412	1547039
7	1510498	1515880	1517187	1521106	1526338	1537521	1547007
7	1510442	1515839	1517051	1521047	1526213	1537402	1546953
7	1510529	1515882	1517203	1521135	1526312	1537482	1547043
4	1516351	1520273	1525471	1536653
9	1492747	1496203	1506090	1510769	1516024	1520205	1524220	1531834	1534270
6	1492750	1496239	1506124	1510794	1518283	1531848
9	1492711	1496201	1506054	1510728	1515987	1520111	1524173	1531758	1534215
6	1492734	1496192	1506108	1510786	1517292	1531867
10	1491935	1495407	1505292	1509888	1512429	1515220	1522014	1523424	1525125	1531023
8	1513399	1515677	1520742	1522346	1527164	1535827	1550009	1554126
10	1505932	1513415	1515741	1520869	1524389	1528910	1535815	1539050	1550017	1554137
8	1513361	1515632	1520754	1522327	1527102	1535801	1549971	1554050
9	1513394	1515735	1520820	1524372	1528910	1535795	1539035	1550005	1554161
7	1521561	1523568	1526363	1528079	1535009	1538210	1553316
9	1503486	1505106	1514051	1518683	1524069	1533744	1538132	1549854	1581520
9	1503606	1514014	1518676	1521275	1525985	1531202	1534863	1549828	1581628
9	1503477	1504998	1513937	1518632	1523824	1533705	1538128	1549759	1581509
9	1503561	1514079	1518677	1521196	1526046	1531192	1534860	1549871	1581589
12	1502721	1513215	1517865	1519203	1522096	1525217	1528199	1530333	1534020	1537358	1549025	1580762
8	1493961	1502492	1508531	1512956	1516475	1521262	1528750	1532122
8	1493969	1502503	1508506	1512902	1516544	1523773	1528662	1532154
8	1493917	1502466	1508515	1512844	1516446	1521243	1528681	1532098
7	1493957	1502480	1508476	1512969	1523773	1528697	1532139
7	1501685	1507702	1512116	1515621	1520482	1522963	1531327
11	1497230	1513285	1514202	1517391	1524069	1530271	1533593	1539789	1545465	1548939	1571948
7	1497206	1513345	1514213	1524053	1527531	1545573	1571954
10	1497112	1513179	1514203	1517351	1530232	1533542	1539742	1545430	1548907	1571857
7	1497274	1513398	1514164	1524147	1527489	1545548	1571995
9	1512500	1519306	1526998	1532795	1534394	1539372	1544700	1548171	1571137
4	1517825	1519166	1523808	1539072
6	1517937	1519151	1528283	1530743	1535553	1541247
6	1517842	1519121	1523759	1528217	1533031	1541147
3	1517893	1519148	1539096
6	1522995	1527969	1532285	1535342	1538287	1540374
9	1518279	1520860	1525648	1527166	1536982	1540574	1547617	1557497	1599114
10	1518139	1520872	1525649	1531031	1534156	1538044	1544180	1547658	1557390	1599094
8	1518091	1520839	1525549	1527128	1536922	1547638	1557435	1598927
10	1518289	1520833	1525695	1531022	1534152	1538094	1544193	1547599	1557419	1599235
6	1517403	1520056	1524836	1530194	1533357	1539745
7	1520092	1530690	1533838	1534651	1540613	1549509	1579384
5	1520167	1530729	1533714	1549539	1579377
6	1520051	1530626	1533748	1540530	1549474	1579310
5	1520164	1530740	1533786	1549518	1579406
3	1519550	1532943	1535646
6	1501625	1510742	1512276	1523083	1530221	1535998
6	1501721	1510721	1512262	1523013	1527203	1536021
6	1501601	1510655	1512211	1523006	1530201	1535956
6	1501696	1510756	1512286	1523034	1527216	1536000
5	1509921	1524450	1529450	1535192	1536373
11	1499984	1512850	1513690	1518915	1522484	1531190	1537175	1543095	1544701	1550086	1554780
10	1499991	1512955	1513655	1514971	1518906	1524074	1537244	1543072	1550123	1554817
12	1499919	1512819	1513630	1518836	1522442	1527802	1531192	1537181	1543024	1544706	1550022	1554749
9	1500003	1512934	1513674	1518940	1524091	1537193	1543097	1550128	1554801
9	1512090	1514165	1518093	1525043	1526986	1530413	1536395	1549291	1553984
5	1509342	1513658	1519129	1525812	1528393
4	1509393	1513666	1519098	1525859
5	1509304	1513605	1519007	1525752	1528371
4	1509384	1513673	1519167	1525886
2	1518303	1525007
9	1494109	1509177	1510708	1514404	1519257	1525345	1531673	1539013	1547639
8	1494168	1509262	1510739	1519216	1520065	1525479	1539061	1547704
9	1494086	1509169	1510658	1514377	1519218	1525337	1531690	1538928	1547595
8	1494125	1509224	1510736	1519205	1520064	1525448	1539073	1547687
7	1513627	1518426	1519592	1526163	1528284	1533602	1539158
9	1510580	1515142	1517313	1529509	1533318	1541993	1547107	1552810	1561414
10	1510612	1515212	1517347	1525771	1531887	1535043	1541986	1547218	1552890	1561487
9	1510602	1515103	1517269	1529536	1533320	1541922	1547079	1552820	1561421
10	1510537	1515185	1517344	1525774	1531826	1535055	1542028	1547190	1552808	1561437
6	1509782	1516513	1518015	1532542	1536037	1546346
7	1515149	1518987	1519894	1525162	1528285	1533351	1554695
6	1515154	1516352	1521518	1533436	1535518	1554806
7	1515086	1518970	1519870	1525158	1528297	1533346	1554666
6	1515175	1518999	1521500	1533390	1535489	1554784
5	1518195	1520722	1532579	1536282	1553936
9	1492481	1506771	1511550	1517599	1520033	1530341	1534576	1554932	1560347
8	1492492	1506735	1511591	1517739	1530421	1531205	1554962	1560481
9	1492382	1506667	1511496	1517591	1519906	1530320	1534566	1554866	1560326
8	1492541	1506796	1511586	1517699	1530391	1531184	1554979	1560449
9	1491672	1505942	1516854	1519216	1529564	1532094	1534258	1554132	1559595
8	1520830	1522449	1524947	1530700	1533867	1546151	1548233	1595504
8	1515675	1520835	1522497	1530760	1533810	1541914	1546233	1595510
7	1520734	1522380	1524908	1530675	1546140	1548014	1595409
7	1520872	1522563	1530705	1533848	1541901	1546213	1595559
7	1520652	1525262	1534851	1541084	1545386	1547529	1594696
8	1513415	1516796	1517597	1524605	1527212	1531178	1543010	1549614
7	1513396	1516788	1519327	1524660	1528492	1543128	1549653
8	1513357	1516700	1517516	1524560	1527173	1531158	1543027	1549594
7	1513404	1516841	1519310	1524651	1528466	1543077	1549617
7	1512593	1515967	1518472	1523818	1531872	1542246	1550278
8	1501015	1518142	1518926	1522173	1526626	1534255	1538955	1540208
8	1501046	1518192	1518938	1526541	1529141	1534266	1538942	1544622
8	1500946	1518101	1518851	1522042	1526517	1534209	1538862	1540187
8	1501055	1518188	1518978	1526681	1529219	1534255	1538990	1544650
5	1517339	1525733	1528327	1533445	1538123
9	1500606	1502060	1511722	1519583	1522926	1529626	1533025	1550766	1552680
9	1500552	1502149	1511663	1517563	1522875	1529653	1534460	1550730	1552702
10	1500508	1502042	1511616	1517484	1519492	1522824	1529596	1532935	1550707	1552627
8	1500598	1502116	1511715	1517461	1529624	1534436	1550738	1552704
8	1501294	1516677	1522076	1528824	1532195	1533628	1549933	1551871
5	1524127	1526104	1532539	1541815	1560792
6	1524128	1526031	1532546	1536748	1539587	1560798
6	1488059	1524038	1525993	1532498	1541863	1560741
6	1524170	1526090	1532533	1536720	1539626	1560794
4	1525252	1531728	1535910	1538752
4	1519128	1521576	1527263	1545881
4	1519180	1521600	1527299	1545918
5	1519100	1521554	1527227	1545806	1546556
4	1519160	1521644	1527283	1545940
5	1518342	1520789	1526462	1528087	1545086
5	1510128	1512172	1520716	1535711	1594625
7	1510101	1512261	1516869	1520699	1525541	1535676	1594532
6	1510094	1512156	1520647	1524438	1535601	1594531
6	1510073	1512229	1516861	1520723	1535738	1594589
7	1509299	1511392	1516031	1521668	1524748	1534865	1593769
10	1506427	1519314	1524799	1525546	1531297	1534103	1540525	1548891	1567508	1570765
10	1506452	1507690	1519341	1524809	1527403	1534106	1540601	1548921	1567521	1570728
9	1506380	1519267	1524769	1525488	1534044	1540501	1548807	1567488	1570688
9	1506448	1519341	1524786	1525524	1534102	1540582	1548951	1567500	1570756
7	1505625	1518513	1523993	1526610	1533289	1548091	1566688
8	1502246	1511035	1512918	1521082	1533999	1535646	1540211	1549822
7	1502321	1511050	1512943	1521096	1534039	1535729	1549792
8	1502245	1510983	1512860	1521026	1533927	1535647	1540185	1549791
7	1502277	1511045	1512947	1521087	1534061	1535689	1549781
5	1513312	1533209	1534881	1539457	1548999
7	1492190	1513177	1514622	1517791	1522051	1526402	1532924
6	1492153	1513198	1514622	1522099	1525647	1530566
5	1492045	1513138	1514534	1517730	1521996
6	1492254	1513178	1514662	1522111	1525680	1530507
6	1491357	1513813	1517001	1524830	1527127	1529743
4	1519422	1528241	1529888	1551580
5	1519372	1528296	1530033	1535255	1551617
4	1519309	1528215	1529826	1551576
5	1519442	1528268	1530063	1535236	1551570
5	1518588	1529282	1531604	1534418	1550770
5	1479445	1506323	1540200	1541050	1554554
5	1479373	1506405	1540284	1541049	1554585
5	1479350	1506274	1540146	1540984	1554501
5	1479433	1506386	1540336	1541071	1554589
2	1539502	1542745
7	1517289	1519470	1524568	1535041	1540318	1545381	1561385
7	1517214	1519499	1524555	1528673	1535019	1541451	1561448
8	1517156	1519317	1524520	1528662	1534977	1540247	1546942	1561345
6	1517305	1519528	1535026	1540362	1545488	1561437
9	1516439	1518592	1523748	1525915	1529081	1534204	1535798	1539492	1544615
7	1500121	1506896	1516833	1519660	1527991	1548801	1552510
9	1500091	1506890	1516920	1519659	1525073	1528858	1535879	1548778	1552471
7	1500012	1506811	1516826	1519582	1527985	1548742	1552455
9	1500151	1506924	1516875	1519688	1525069	1528968	1535847	1548786	1552466
7	1506080	1516062	1518848	1524246	1527172	1530329	1547976
7	1515111	1521426	1524079	1530417	1532956	1538392	1551241
9	1515156	1521325	1524067	1526508	1530359	1535612	1540447	1551261	1554176
7	1515074	1521355	1523998	1530371	1532975	1538351	1551158
9	1515141	1521354	1524115	1526502	1530367	1538294	1540494	1551286	1554195
10	1514320	1520563	1523263	1525673	1526954	1529566	1537535	1539636	1550434	1553378
6	1517000	1519666	1523355	1528791	1530281	1537725
5	1517056	1519665	1523381	1528827	1537752
6	1516966	1519587	1523285	1528758	1530206	1537680
5	1517039	1519695	1523402	1528812	1537749
5	1516216	1518850	1522549	1527999	1536913
9	1504612	1510979	1513871	1517966	1524277	1528270	1535126	1549641	1552229
10	1504655	1510942	1513971	1516121	1521789	1529249	1535145	1540020	1549694	1552250
9	1504562	1510863	1513854	1517937	1524191	1528231	1535066	1549661	1552211
10	1504653	1511024	1513950	1516083	1521818	1529293	1535139	1539999	1549617	1552216
8	1503820	1510116	1513744	1515256	1517189	1523416	1525401	1551425
10	1496689	1506989	1520472	1521833	1524338	1530794	1534406	1544997	1548155	1552804
10	1496783	1507001	1520473	1521842	1527125	1530868	1536885	1540558	1544988	1550357
11	1496654	1506943	1520412	1521801	1524343	1530822	1534398	1538970	1544900	1548215	1552783
9	1496760	1506995	1520479	1521684	1527068	1536869	1540393	1545045	1550300
11	1495921	1519651	1522545	1526292	1530550	1533609	1536782	1544183	1547397	1549487	1552013
7	1508203	1514117	1517048	1523028	1528705	1530716	1544081
6	1508264	1514238	1517127	1523072	1528712	1544104
7	1508161	1514104	1517089	1522998	1528681	1530660	1544023
6	1508251	1514194	1517088	1523051	1528680	1544116
6	1507415	1513360	1516720	1522233	1527893	1529941
8	1507593	1510711	1511599	1523592	1525977	1532136	1535998	1539543
6	1507637	1510671	1514743	1523503	1532072	1537499
8	1507553	1510636	1511583	1523481	1525828	1532083	1535943	1539481
6	1507627	1510694	1514782	1523587	1532103	1537643
9	1506805	1514994	1516947	1522709	1524436	1531841	1535219	1536748	1539583
6	1512224	1516510	1518435	1520705	1525896	1530625
5	1512293	1516523	1518430	1523795	1530663
6	1512159	1516436	1518371	1520673	1525876	1530531
5	1512309	1516538	1518439	1523739	1530694
7	1511402	1517613	1520554	1522916	1526255	1529831	1531914
8	1522387	1524848	1527769	1531023	1535633	1543451	1545013	1573484
7	1522513	1524933	1533292	1537962	1543528	1546981	1573590
8	1522405	1524837	1527634	1531047	1535755	1543411	1544980	1573464
6	1522450	1524807	1533228	1543511	1547016	1573559
6	1527894	1529288	1533354	1544224	1546161	1572720
10	1504127	1506072	1512536	1517154	1524293	1530172	1531280	1546299	1553866	1562244
9	1504201	1506067	1512568	1517164	1524251	1530263	1546393	1553723	1562311
9	1504090	1506012	1512444	1524180	1530115	1531221	1546277	1553764	1562201
8	1504193	1506058	1512607	1524311	1530248	1546356	1553824	1562289
5	1503348	1517438	1523458	1524743	1529365
10	1508203	1509070	1514934	1516506	1529388	1531656	1537610	1541288	1547373	1588845
8	1508160	1509051	1514919	1520766	1529335	1537590	1547419	1588874
9	1508126	1509012	1514847	1529332	1531562	1537518	1541222	1547341	1588805
9	1508178	1509080	1514955	1520781	1529365	1537744	1543049	1547403	1588867
6	1514117	1519935	1521109	1530852	1536756	1542269
6	1492891	1515557	1517639	1535108	1538310	1572311
6	1492898	1515599	1517628	1527186	1535096	1572320
6	1492776	1515519	1517528	1535081	1538252	1572231
6	1492957	1515583	1517684	1527193	1535079	1572351
7	1514758	1518287	1521676	1524150	1526363	1534279	1571500
10	1509737	1511970	1516247	1518893	1523504	1528305	1542054	1546205	1591730	4011291
11	1509802	1512022	1516332	1526009	1530258	1536346	1539921	1543299	1549758	1591742	4011264
10	1509706	1511988	1516238	1518884	1525978	1527450	1541951	1546134	1591700	4011288
11	1509813	1511943	1516302	1526043	1530282	1536328	1539893	1546155	1549770	1591719	4011209
12	1508947	1511181	1515481	1519086	1520482	1525187	1530962	1535510	1539095	1541222	1548967	1590918
8	1504265	1508493	1509398	1515805	1521121	1525028	1531727	1534509
7	1504482	1508505	1515784	1517484	1522003	1531748	1537209
8	1504382	1508498	1509321	1515726	1517414	1521991	1531679	1537130
5	1504306	1508454	1515811	1531729	1534534
7	1503553	1508538	1514981	1518699	1522697	1533727	1536385
9	60706	1518032	1520251	1522736	1526661	1531666	1540347	1554514	1562789
7	61450	1518135	1520341	1531734	1540374	1554608	1562820
9	60509	1518059	1520208	1522674	1526633	1531645	1540249	1554509	1562709
8	61612	1518059	1520293	1524672	1531708	1540424	1554561	1562843
7	1517266	1522289	1523841	1530889	1541480	1553745	1561988
7	1505356	1514840	1517898	1519231	1523578	1536370	1542531
7	1505408	1514792	1517918	1522304	1525702	1536439	1542538
7	1505292	1514765	1517846	1519208	1523514	1536339	1542504
7	1505413	1514821	1517933	1522332	1525728	1536426	1542514
4	1518415	1521505	1524845	1535594
10	1492998	1518992	1522427	1523708	1528128	1532882	1537988	1542434	1555276	1559556
10	1493103	1519022	1522387	1526141	1529911	1534106	1539788	1555267	1559595	1562658
10	1492965	1518925	1522339	1523660	1528100	1532822	1537932	1542415	1555180	1559504
9	1493084	1519038	1522421	1526138	1529951	1539780	1555304	1559595	1562647
7	1492241	1518196	1523526	1525303	1530213	1533298	1561826
7	1514721	1522729	1524474	1534668	1538368	1544226	1547459
5	1514650	1522721	1524424	1534735	1544333
7	1514617	1522674	1524375	1534682	1538300	1544239	1547373
5	1514714	1522730	1524495	1534661	1544269
6	1513862	1522212	1523638	1533877	1543468	1546647
5	1510980	1514471	1519612	1526395	1534294
7	1510967	1512124	1519683	1526428	1532660	1537837	1540184
5	1510889	1514375	1519548	1527348	1534173
7	1511009	1514451	1519697	1527521	1532659	1537784	1540180
6	1510163	1513624	1518832	1527791	1533445	1539341
5	1505884	1516310	1528282	1530005	1534599
6	1505919	1516413	1528313	1530011	1534539	1539791
5	1505792	1516254	1528208	1529930	1534512
6	1505953	1516414	1528333	1530042	1534580	1539830
5	1515546	1527483	1529196	1533757	1538938
10	1504564	1518326	1519787	1524937	1528397	1533045	1536875	1552470	1556204	1566922
10	1504595	1518323	1519491	1524866	1533083	1534620	1539194	1552510	1556164	1566980
9	1504510	1518231	1524854	1528288	1534673	1539128	1552459	1556098	1566835
9	1504599	1518368	1519449	1528407	1533043	1536886	1552463	1556219	1567011
8	1503765	1517513	1527560	1532240	1533837	1538625	1551674	1555373
7	1520039	1527085	1530926	1536407	1538608	1544936	1547580
5	1520105	1527041	1530953	1536361	1544852
7	1520017	1527045	1530864	1536323	1538590	1544837	1547527
5	1520079	1527037	1530970	1536403	1544907
5	1519261	1526222	1530128	1535577	1546770
9	1511937	1512984	1516463	1520319	1527285	1529715	1538790	1553608	1555714
9	1511862	1513007	1519357	1522646	1527351	1531898	1538831	1553688	1555690
9	1511833	1512914	1516411	1520229	1527261	1529681	1538746	1553637	1555680
9	1511919	1513032	1519290	1522715	1527333	1531894	1538834	1553606	1555672
7	1511087	1515684	1518495	1528043	1529606	1552834	1554884
5	1506538	1512815	1515055	1521614	1526775
6	1506571	1512803	1515111	1517987	1521647	1526775
5	1506517	1512741	1515034	1521597	1526709
6	1506534	1512835	1515080	1517995	1521607	1526802
3	1514270	1517159	1525930
5	1524475	1525429	1529964	1534531	1560758
4	1524545	1525426	1542159	1560791
6	1524443	1525375	1529937	1534424	1542036	1560725
4	1524530	1525432	1541908	1560773
6	1523696	1529142	1531016	1534004	1536430	1559956
7	1512587	1518989	1520609	1524554	1530342	1540793	1549061
8	1512628	1519032	1520646	1524503	1530345	1534882	1537668	1549071
7	1512549	1518958	1520535	1524475	1530287	1540721	1548999
9	1512617	1519013	1520654	1524549	1530353	1534845	1537652	1549083	1551273
7	1511794	1518194	1523720	1529527	1534043	1536819	1540345
8	1513446	1514483	1523409	1526916	1531579	1536060	1542375	1547513
8	1513504	1514596	1523437	1524402	1531654	1536146	1538515	1547561
8	1513407	1514451	1523366	1524289	1531534	1536076	1538419	1547475
8	1513488	1514578	1523421	1526963	1531637	1536092	1542214	1547542
8	1512649	1522604	1524765	1530800	1535295	1536528	1541600	1546720
8	1511334	1516853	1519050	1528270	1533397	1540152	1552305	3985829
9	1511297	1516918	1519180	1522650	1528224	1535369	1540188	1552301	3985841
9	1511260	1516838	1519059	1528168	1529242	1533411	1540093	1552268	3985744
8	1511324	1516887	1519121	1522637	1528282	1540204	1552286	3985875
9	1516071	1519120	1527437	1529622	1532640	1533875	1539363	1551489	3985019
7	1497151	1520001	1521988	1524719	1528606	1533686	1541739
6	1497158	1520120	1521998	1528519	1530816	1541753
6	1497071	1520005	1521921	1524624	1533640	1541676
6	1497187	1520064	1522003	1528593	1530867	1541762
7	1496339	1519249	1523895	1529209	1531391	1533248	1540928
9	1432597	1514822	1515885	1518456	1524110	1528382	1541571	2388629	3993630
11	1432507	1514848	1515913	1521946	1525209	1530159	1541558	1543964	2387693	2388790	3993564
10	1432469	1514740	1515803	1518467	1521848	1535095	1541464	2388653	2389868	3993587
10	1432597	1514911	1515940	1524171	1528352	1532298	1541645	2387615	2388725	3993558
9	1513966	1515383	1518482	1523303	1531397	1533513	1540683	1543990	3992786
10	1506223	1508163	1513236	1517188	1523743	1526665	1544533	1548754	1553687	1565895
10	1506334	1508139	1514446	1523771	1529167	1544593	1548785	1553703	1556029	1565944
10	1506201	1508058	1513130	1517153	1523729	1526661	1544485	1548695	1553640	1565845
10	1506301	1508168	1514457	1523734	1529220	1544590	1548769	1553695	1556026	1565931
6	1505461	1508232	1512404	1522945	1530037	1543749
6	1506258	1509962	1515166	1521873	1524276	1538477
5	1506168	1509929	1515267	1516985	1521817
8	1506143	1509895	1512468	1515127	1521747	1524266	1528514	1538435
7	1506232	1509951	1515251	1516961	1521902	1532916	1535670
8	1509128	1516152	1521036	1523492	1525048	1527775	1532102	1537669
8	1509204	1514318	1515714	1522456	1528204	1536687	1546829	1552761
9	1509357	1514279	1515662	1521003	1524433	1529143	1534173	1546886	1552751
8	1509198	1514210	1515617	1522432	1528194	1536591	1546792	1552685
9	1509313	1514343	1517590	1520995	1525202	1529140	1534209	1546862	1552778
9	1513488	1516778	1517982	1520090	1527379	1529034	1530796	1533388	1551941
8	1502608	1513576	1514470	1518516	1521925	1526677	1531858	1535682
6	1502651	1513584	1514563	1521838	1524229	1535645
8	1502541	1513509	1514395	1518450	1521761	1526672	1531782	1535618
6	1502664	1513600	1514564	1521971	1524295	1535657
6	1512759	1517716	1521069	1523415	1531022	1534848
7	1498199	1517293	1519243	1522029	1533115	1541989	1563070
6	1498323	1517289	1519337	1533059	1542011	1563015
7	1498217	1517248	1519236	1521902	1533014	1541921	1562947
6	1498253	1517284	1519303	1533119	1542028	1563068
6	1497441	1516476	1519646	1522052	1532257	1541186
7	1513099	1516419	1521051	1529074	1531820	1538841	1540878
7	1513099	1516380	1521097	1524632	1529037	1533158	1538821
7	1513055	1516324	1521002	1529001	1531720	1538746	1540705
7	1513088	1516435	1521096	1524697	1529065	1533154	1538851
6	1512284	1520262	1523853	1530984	1532324	1538010
5	1514220	1520136	1529798	1545698	3963552
6	1514246	1520148	1527471	1529908	1545641	3963516
5	1514173	1520021	1529774	1545600	3963540
5	1514247	1520216	1529876	1545695	3963471
5	1513417	1519323	1529036	1544858	3962719
3	1525454	1527797	1541589
5	1525408	1527804	1531718	1541544	1545890
4	1525376	1527752	1541534	1543265
5	1525438	1527808	1531774	1541553	1545791
5	1524619	1526983	1530918	1540754	1544998
5	1524788	1526081	1533977	1545243	1570107
7	1524835	1526102	1533995	1536843	1539943	1545251	1570068
5	1524788	1526134	1533917	1545200	1569966
7	1524780	1526057	1533988	1536841	1539944	1545240	1570161
4	1523995	1536012	1544433	1569272
8	1519780	1521736	1530597	1536119	1539738	1544756	1553851	1573508
7	1519852	1521814	1529381	1537719	1544760	1553826	1573500
6	1519746	1521749	1535994	1544669	1553731	1573467
7	1519975	1521773	1529346	1537760	1544800	1553881	1573480
7	1519089	1520971	1528519	1531470	1535271	1538913	1543940
5	1534454	1535748	1539747	1560384	1569942
4	1534397	1535745	1541905	1570007
4	1534367	1535704	1539669	1569874
5	1534457	1535722	1541939	1560442	1570026
4	1533618	1534929	1538918	1569158
7	1503469	1517007	1523194	1530099	1532460	1535170	1543774
7	1503483	1516913	1523072	1530008	1532509	1538876	1542911
7	1503354	1516896	1523076	1529991	1532435	1535104	1543783
7	1503549	1516976	1523175	1530073	1532471	1538865	1542895
4	1516146	1522294	1529239	1542995
0
0
0
0
0
07/19/2017 13:09:51	07/19/2017 13:15:40
