6	1517990	1519622	1525036	1529685	1535715	1540188
6	1517696	1519334	1521943	1526385	1535440	1539881
6	1517883	1519515	1522083	1526534	1535554	1540025
4	1517764	1519400	1524848	1540004
8	1519502	1521282	1524053	1526916	1529715	1531453	1534748	1539205
8	1490054	1497745	1515213	1516886	1522061	1527059	1535510	1549362
9	1489441	1497325	1514885	1516667	1521895	1524054	1529072	1534316	1549169
9	1489721	1497561	1515061	1516765	1521962	1524212	1529251	1534405	1549331
7	1489732	1497458	1514987	1516753	1521954	1526885	1549136
7	1488938	1514240	1515960	1521166	1528411	1530437	1533568
7	1517409	1521158	1528297	1533973	1541608	1546830	4519791
8	1517161	1520889	1522349	1528057	1535049	1541414	1544817	4519597
8	1517312	1521093	1523478	1528204	1533873	1541537	1546724	4519632
9	1517209	1520897	1522373	1528118	1530263	1535074	1541422	1544879	4519723
7	1516475	1520205	1521648	1527364	1533033	1544112	1545881
7	1501312	1502506	1521129	1523521	1546404	1547117	1551094
6	1501035	1502088	1520896	1523297	1546179	1546921
8	1501187	1502323	1505538	1521068	1523428	1546343	1547064	1551002
5	1501105	1502230	1520915	1523338	1546193
5	1500358	1520734	1522598	1545479	1550156
6	1521475	1523471	1528501	1537996	1542493	1566695
8	1521167	1521982	1525849	1531774	1537695	1542135	1545158	1566501
6	1521401	1522133	1528400	1537832	1542271	1566562
8	1521191	1521966	1525858	1531858	1537825	1539189	1545286	1566595
6	1520507	1522505	1527573	1537028	1541510	1544504
6	1515514	1519229	1525774	1544317	1546315	1571401
8	1515200	1519002	1520200	1525534	1528368	1544008	1546122	1571143
9	1515379	1519224	1520357	1525650	1528501	1544209	1546230	1547198	1571378
6	1515286	1518958	1525606	1544059	1546162	1571118
6	1514539	1518307	1527663	1543347	1545407	1570459
7	1516607	1517865	1520290	1524917	1529928	1536294	1551487
5	1516296	1517482	1528355	1533196	1550932
5	1516459	1517690	1529821	1536169	1551285
6	1516387	1517646	1528467	1533299	1536127	1551082
5	1523921	1527699	1528994	1532573	1550395
9	1471540	1504806	1505994	1511532	1523631	1528166	1531677	1534277	1547316
9	1471512	1504538	1508408	1509139	1523471	1527900	1531403	1536683	1547114
7	1471556	1504681	1508601	1523598	1528097	1536817	1547267
9	1471447	1504612	1508443	1511336	1523459	1527913	1531449	1534024	1547102
6	1470713	1510625	1522739	1527225	1530720	1546401
7	1506104	1515352	1522604	1528715	1531238	1539276	1550319
8	1505834	1515125	1522404	1528446	1531035	1538976	1541171	1550078
7	1506009	1515277	1522497	1528611	1531137	1539167	1550188
8	1505883	1515155	1522471	1528495	1531068	1539032	1541206	1550169
8	1505163	1514429	1521692	1527766	1530652	1538316	1540466	1549393
11	1469096	1501081	1506305	1511817	1518539	1526892	1533006	1534906	1539600	1567741	1571569
12	1469428	1500790	1506122	1511597	1518231	1526599	1532888	1537148	1543467	1546092	1567474	1571313
11	1469147	1500937	1506242	1511766	1518433	1526782	1532989	1534870	1539547	1567634	1571510
11	1469329	1500887	1506133	1511591	1518285	1526651	1532854	1537179	1543413	1567515	1571321
10	1500126	1505400	1510894	1517573	1525930	1532143	1536478	1538688	1544708	1570626
7	1508943	1515614	1516732	1517857	1528370	1531338	1547026
6	1508710	1515395	1516343	1528037	1529369	1546749
8	1508807	1515480	1516493	1528217	1529467	1531197	1535685	1546885
7	1508802	1515479	1516536	1528161	1529471	1533565	1546842
6	1508015	1515731	1530399	1531758	1534900	1546072
5	1525439	1526698	1534562	1544779	1561730
6	1525201	1526690	1534350	1537752	1544622	1561556
5	1525365	1526637	1534502	1544750	1561737
6	1525234	1526610	1534359	1537864	1544605	1561503
4	1524499	1533644	1537085	1543894
9	1516723	1519167	1521165	1529115	1531131	1536313	1541146	1547811	1556678
6	1516455	1518883	1528840	1536044	1547496	1556420
9	1516574	1518992	1521072	1529032	1531047	1536186	1540997	1547667	1556550
6	1516564	1519002	1528869	1536124	1547595	1556506
5	1515755	1530199	1535365	1540175	1555736
9	1504851	1506116	1512736	1523019	1524191	1537272	1541677	1549205	1552771
9	1504617	1512398	1513898	1522835	1526717	1529574	1535053	1548860	1552510
9	1504774	1512588	1513934	1522984	1526950	1531604	1537206	1541547	1552673
9	1504645	1512508	1513876	1522857	1535058	1538484	1543011	1548969	1552549
11	1503927	1511761	1513240	1523341	1526034	1528847	1530763	1534356	1537731	1540730	1544018
7	1512932	1515489	1518992	1533140	1535356	1543024	1553056
8	1512616	1515142	1518665	1532883	1533797	1542680	1547932	1552741
8	1512793	1515350	1518767	1533015	1535296	1542847	1545463	1552944
8	1512704	1515246	1518836	1532957	1533881	1542811	1548076	1552814
8	1511958	1514490	1518894	1532196	1535857	1542046	1544741	1547248
7	1523776	1524507	1529875	1535548	1539990	1545715	1554697
7	1523622	1525929	1527397	1532688	1536429	1541549	1551883
6	1523684	1524481	1532908	1541729	1546900	1552096
7	1523676	1525918	1535414	1539790	1545452	1548354	1554445
9	1522860	1525229	1528980	1532088	1535775	1539044	1544761	1551211	1553711
9	1495256	1524144	1525367	1530397	1535996	1539505	1544356	1558837	1562950
9	1494923	1523878	1525298	1528051	1533676	1537818	1547208	1558525	1562560
9	1495043	1524026	1525362	1530289	1535861	1539363	1544195	1558650	1562772
10	1495094	1523956	1525286	1528179	1533731	1537955	1541450	1547325	1558665	1562676
7	1526304	1528515	1533017	1538470	1543399	1546561	1561939
9	1452284	1523758	1526170	1531560	1536136	1542698	1544054	1549127	1557360
8	1452363	1523524	1525938	1527413	1542509	1548923	1550725	1557063
9	1452193	1523716	1526068	1531508	1536073	1542656	1543925	1548959	1557272
8	1452406	1523516	1525978	1527604	1542502	1548977	1550781	1557103
9	1522828	1525236	1526665	1530611	1535653	1541791	1548110	1550063	1556399
9	1470307	1505928	1509523	1517778	1518986	1528131	1541684	1553373	1699260
9	1470057	1505660	1509133	1517544	1526700	1541424	1545644	1553054	1699219
11	1470249	1505795	1509357	1517681	1518825	1528067	1533691	1541587	1548141	1553259	1699346
9	1470080	1505745	1509253	1517598	1526709	1541472	1545752	1553114	1699083
9	1504978	1508514	1516856	1522194	1525984	1531207	1540744	1552398	1698427
5	1512490	1513374	1523303	1528336	1537931
5	1512205	1513063	1523119	1528171	1537704
5	1512374	1513278	1523257	1528283	1537859
5	1512275	1513114	1523110	1528166	1537728
5	1512404	1522395	1527437	1528772	1537002
7	1508599	1514150	1517552	1519118	1526048	1528484	1557208
6	1508262	1513874	1517280	1525654	1530406	1556915
6	1508443	1513995	1517401	1525824	1536830	1557065
7	1508374	1513994	1517381	1525858	1528328	1539082	1557005
7	1516606	1519806	1525042	1529774	1534005	1536047	1538550
4	1531040	1532257	1542887	1546337
3	1530742	1542682	1546190
4	1530926	1531654	1542808	1546323
3	1530810	1542715	1546175
1	1530063
6	1515565	1519788	1522228	1527457	1532060	1543426
7	1515226	1519501	1521897	1527249	1528468	1533253	1543129
6	1515421	1519700	1522080	1527314	1531899	1543265
7	1515323	1519529	1521991	1527356	1528528	1533312	1543252
4	1514584	1521254	1531105	1542471
7	1514466	1515790	1518490	1525650	1535520	1544721	1549111
9	1514278	1518276	1520391	1525296	1531087	1535249	1540193	1544482	1548804
7	1514408	1515710	1518406	1526988	1535388	1544657	1548977
8	1514294	1518311	1520371	1525403	1531143	1535331	1544470	1548882
6	1513558	1519680	1530452	1535678	1537519	1544046
5	1514789	1522128	1523876	1531387	1533381
6	1514607	1521698	1522556	1531121	1536575	1540775
6	1514721	1521946	1522684	1531265	1533273	1542284
6	1514631	1521823	1522628	1531198	1536672	1540858
4	1521863	1532430	1535893	1541447
9	1515967	1522531	1527043	1531853	1536091	1543065	1552399	1562004	1570612
10	1515736	1522234	1526773	1530293	1535847	1538020	1542758	1552093	1561781	1570410
9	1515915	1522447	1526916	1531902	1536017	1542908	1552259	1561928	1570566
10	1515735	1522275	1526843	1530347	1535884	1538113	1542870	1552180	1561805	1570402
10	1521575	1526100	1529583	1531062	1538230	1539434	1542095	1551430	1561080	1569696
9	1515228	1516861	1519825	1527210	1528491	1533462	1537456	1562585	1563782
9	1514952	1516573	1521269	1526925	1533194	1535137	1541446	1546248	1562292
7	1515125	1516747	1521445	1527083	1528392	1533340	1562477
8	1515016	1516637	1521395	1527006	1533258	1541543	1546357	1562348
9	1514255	1515911	1521111	1526249	1533586	1535138	1540773	1545594	1561622
10	1501117	1508707	1513672	1519708	1525009	1531053	1533622	1551198	1557243	1561207
12	1500860	1508344	1513404	1519541	1524734	1526347	1530753	1539455	1545570	1550926	1556940	1560906
11	1501067	1508517	1513557	1519655	1524897	1530948	1533569	1546375	1551087	1557083	1561081
13	1500858	1502435	1508492	1513461	1519544	1524800	1526421	1530821	1539495	1545684	1550997	1557042	1560971
12	1507711	1512723	1518814	1524063	1525713	1530086	1534013	1538788	1541443	1544892	1550249	1556269
10	1486280	1487497	1505316	1509252	1511352	1513849	1523224	1529087	1534035	1543877
8	1485968	1505013	1508989	1517049	1521399	1528713	1533778	1543518
10	1486157	1487465	1505168	1509127	1511192	1513683	1523115	1528891	1533890	1543701
8	1486041	1505115	1509075	1511151	1521542	1528863	1533864	1543638
8	1485310	1504344	1510893	1514591	1516386	1520763	1528091	1542878
9	1464735	1511711	1513064	1519176	1524737	1533838	1538943	1546243	1547909
8	1464669	1511537	1518969	1524495	1527702	1532294	1538673	1545963
8	1464652	1511700	1512982	1519104	1524648	1538827	1546156	1547814
9	1464702	1511504	1512919	1518996	1524525	1527748	1532445	1538733	1545998
8	1510816	1518242	1525376	1527038	1531618	1537996	1545293	1546974
11	1508692	1515902	1522704	1524895	1529992	1534583	1536743	1543854	1547704	1560223	1569238
10	1508335	1515655	1522379	1524524	1529763	1534373	1543547	1547386	1559943	1568894
11	1508536	1515777	1522560	1524703	1529924	1534486	1536605	1543691	1547538	1560060	1569103
10	1508438	1515734	1522470	1524672	1529784	1534437	1543669	1547498	1560065	1568982
7	1507703	1514967	1523898	1529514	1536461	1546731	1568250
9	1494422	1508521	1519318	1525413	1527506	1533644	1545699	1546908	1552196
10	1494080	1508340	1519172	1525249	1527674	1530119	1535910	1539731	1545434	1548595
9	1494320	1508439	1519284	1525387	1527810	1533589	1545601	1546820	1552096
10	1494129	1508375	1519156	1525221	1527687	1530166	1536057	1539804	1545492	1548630
5	1493437	1524516	1535238	1539062	1551266
8	1514025	1515029	1524039	1529100	1534974	1539753	1545286	1554776
7	1513685	1514643	1523737	1527203	1536054	1544977	1554427
7	1513872	1514873	1523892	1527260	1534832	1545134	1554652
8	1513786	1514811	1523839	1525484	1534745	1539583	1545070	1554504
5	1523079	1524735	1530185	1533999	1544315
13	1498130	1514861	1519985	1520843	1523732	1528717	1532750	1540764	1546942	1552957	1556053	1567756	1571281
10	1497898	1514564	1519858	1528562	1530283	1540575	1546725	1552713	1567530	1571038
13	1498051	1514767	1519951	1520720	1523382	1528716	1532666	1540690	1546883	1552839	1556070	1567719	1571184
11	1497926	1514606	1519846	1520685	1528664	1530336	1540602	1546723	1552765	1567515	1571089
9	1497202	1519113	1527798	1529589	1531842	1539855	1555113	1566826	1570348
12	1422385	1505914	1507175	1516117	1520437	1521661	1527215	1530944	1536900	1539948	1548294	1549899
9	1422236	1505660	1515781	1520084	1526926	1530586	1532651	1538477	1548011
10	1422342	1505798	1516032	1520322	1521576	1527145	1530821	1533682	1538681	1548239
8	1422224	1505729	1515813	1520154	1526942	1536672	1548017	1549623
10	1421500	1504979	1515132	1519450	1520735	1526250	1529951	1531971	1536014	1547335
9	1520044	1521380	1525944	1529235	1534540	1542600	1551466	1561068	1570439
10	1519766	1521256	1525832	1534376	1536394	1542472	1546094	1549954	1560799	1570412
8	1519944	1521297	1525887	1529086	1534481	1542515	1560995	1570489
10	1519821	1521250	1525813	1534373	1536425	1542484	1546181	1549859	1560850	1570306
9	1519099	1520601	1525067	1528224	1533637	1535710	1541712	1545454	1560093
8	1510670	1517010	1518636	1528362	1543080	1555435	1590659	1594710
10	1510336	1516639	1518459	1521586	1527061	1542741	1545992	1555041	1590447	1594503
9	1510455	1516791	1518560	1528275	1542909	1555245	1556247	1590581	1594685
10	1510509	1516816	1518496	1521631	1527141	1542859	1546054	1555182	1590475	1594497
11	1509689	1516012	1517735	1521207	1527416	1529364	1533712	1542097	1554425	1589736	1593800
6	1512394	1515475	1522910	1525585	1539191	1564420
7	1512254	1515346	1522791	1527815	1538989	1543234	1564341
6	1512428	1515543	1522912	1525520	1539058	1564454
7	1512175	1515251	1522738	1527846	1539079	1543228	1564259
8	1511511	1522039	1524677	1527085	1529052	1538277	1542523	1563569
12	1492459	1520180	1524246	1525030	1528728	1533568	1542593	1549485	1557858	1564945	2720791	3208883
11	1492116	1519942	1524001	1537316	1540348	1544897	1549275	1557562	1564769	2720484	3208726
12	1492360	1520211	1524157	1524934	1528623	1533526	1542508	1549437	1557761	1564919	2720718	3208863
11	1492169	1519866	1524041	1537363	1540348	1544829	1549246	1557608	1564749	2720520	3208699
11	1491476	1519251	1523306	1525019	1530931	1536612	1538253	1544140	1556897	1564046	2719809
5	1515862	1519258	1520476	1524763	1529071
3	1515675	1518992	1526646
3	1515897	1517056	1524679
4	1515604	1518999	1521708	1526512
4	1514889	1518313	1520939	1526750
6	1520093	1521188	1526820	1529334	1533613	1547467
7	1519765	1521070	1526496	1532112	1535227	1540503	1547177
7	1519912	1521181	1526638	1529224	1537687	1542918	1547265
6	1519904	1521022	1526624	1535311	1540665	1547348
8	1519118	1520310	1525856	1528416	1533696	1536554	1540772	1546515
8	1506610	1510092	1521041	1527516	1529251	1535113	1552931	1554168
7	1506386	1509847	1520880	1527187	1532296	1552673	1554119
8	1506535	1509826	1520984	1527369	1529100	1535030	1552812	1554071
7	1506415	1510077	1520890	1527285	1532307	1552734	1554227
5	1505688	1509148	1526536	1528304	1534133
7	1513152	1514271	1523290	1528235	1530957	1540150	1544596
5	1512705	1513967	1522979	1539934	1543167
7	1512895	1514118	1523108	1528071	1530797	1540048	1544391
6	1512920	1514105	1523116	1527999	1539987	1543294
7	1512116	1513326	1522324	1528322	1529989	1539231	1542520
5	1522246	1526159	1532348	1535182	1542683
5	1522034	1525893	1528625	1534451	1542497
6	1522227	1526061	1528731	1532262	1535181	1542615
5	1521987	1525942	1528707	1538553	1542504
5	1525215	1527907	1531427	1534308	1541778
9	1518336	1520321	1527535	1531783	1534977	1543532	1575607	1586025	1587424
8	1517994	1519948	1527170	1531523	1543304	1544712	1575255	1585963
9	1518167	1520184	1527419	1531655	1536630	1543421	1575452	1585946	1587374
8	1518115	1520027	1527248	1531637	1534842	1543377	1575355	1585993
8	1517353	1519921	1526543	1530765	1534072	1542616	1544079	1585180
9	1505271	1507324	1513842	1521372	1528531	1530168	1550485	1552318	1563583
11	1504861	1507271	1510053	1513557	1521180	1528235	1536708	1550259	1552009	1555270	1563335
11	1505001	1507304	1510139	1513722	1521348	1528376	1536881	1550421	1552192	1555490	1563542
9	1505091	1507246	1513609	1521167	1528300	1529928	1533969	1550275	1563331
11	1504252	1506484	1509297	1513194	1520473	1527573	1530876	1536019	1551362	1554598	1562648
9	1507053	1520622	1528485	1529240	1533158	1534394	1541325	1547801	1555659
8	1506747	1520346	1528215	1529045	1541042	1547467	1550826	1555281
9	1506862	1520554	1528330	1529133	1533031	1534347	1541179	1547674	1555421
8	1506883	1520362	1528328	1529115	1541144	1547543	1550911	1555475
6	1519670	1527542	1532213	1533809	1540372	1554664
11	1504912	1506298	1512726	1514915	1519877	1525431	1527156	1531679	1539427	1540924	1567951
9	1504819	1506142	1512495	1515546	1525167	1530249	1534470	1539071	1567865
10	1504973	1506154	1512703	1514845	1519913	1525331	1527114	1531623	1539414	1568059
8	1504710	1512470	1514794	1525208	1530227	1534455	1539267	1567716
10	1504053	1511786	1519026	1524482	1526270	1529478	1531744	1533769	1538564	1567095
7	1509504	1520544	1524797	1526861	1536037	1543869	1545248
8	1509193	1520243	1524530	1526541	1529942	1535697	1543507	1548090
8	1509307	1520413	1524661	1526712	1529516	1535919	1543695	1548312
7	1509422	1520324	1524616	1526637	1535757	1543639	1545092
8	1508533	1519577	1526760	1530814	1535043	1538724	1544320	1547471
6	1498858	1500050	1507786	1514532	1523609	1526271
7	1498576	1507575	1509739	1514223	1518472	1523324	1529190
6	1498759	1500026	1507709	1514412	1523570	1526166
7	1498632	1507615	1509845	1514247	1518519	1523383	1529178
6	1497894	1509135	1513544	1515959	1522594	1528460
9	1488552	1490917	1510860	1511889	1517291	1529890	1532105	1542685	1546599
9	1488129	1490523	1510531	1511576	1516997	1529598	1531817	1532650	1542464
9	1488312	1490658	1510713	1511725	1517148	1529794	1531940	1542606	1546432
10	1488320	1490868	1510631	1511661	1517079	1529639	1531936	1532727	1542495	1546438
8	1491157	1509884	1511907	1516333	1531150	1541767	1545646	1547560
8	1502871	1505024	1510179	1516351	1522531	1525452	1539345	1550859
9	1502655	1504716	1510030	1516138	1519258	1532427	1536847	1550491	1551833
10	1502773	1504888	1510145	1516285	1522431	1525344	1532570	1535186	1539189	1550666
9	1502707	1504802	1510029	1516147	1518813	1532428	1536823	1550632	1551828
10	1504061	1510143	1515431	1521592	1523258	1526349	1528379	1531713	1549858	1551158
11	1509501	1514977	1516886	1518371	1522818	1528170	1534212	1536403	1541763	1551169	1562073
9	1509113	1514656	1516702	1520949	1527889	1533902	1544304	1550852	1561735
11	1509284	1514855	1516794	1518274	1522508	1528025	1534100	1536305	1541578	1550966	1561856
9	1509287	1514730	1516723	1520991	1527987	1533967	1544397	1551023	1561901
11	1508496	1513974	1515971	1520269	1527217	1528885	1533245	1537057	1540818	1543619	1561084
11	1500607	1510561	1516570	1517940	1523761	1531908	1537174	1540556	1545956	1560196	1569196
11	1500635	1510403	1516392	1517689	1519441	1523682	1531740	1534356	1545760	1560007	1569041
11	1500645	1510570	1516566	1517877	1523757	1531836	1537144	1540506	1545912	1560116	1569139
11	1500544	1510344	1516347	1517704	1519403	1523656	1531769	1534313	1545748	1560038	1569046
10	1499807	1509667	1515661	1518705	1522916	1531015	1533645	1536287	1545045	1559291
7	1506959	1509111	1520447	1523644	1524853	1536516	1547236
7	1506655	1508764	1520049	1523369	1536262	1540752	1546936
8	1506804	1508915	1520268	1523458	1526486	1531182	1534098	1547078
7	1506765	1508917	1520180	1523534	1536306	1540842	1547042
9	1505998	1508129	1519442	1522980	1525648	1532533	1540066	1541470	1546258
8	1520479	1528714	1530222	1540283	1542953	1548297	1553061	1565271
9	1520276	1528550	1530040	1531012	1540093	1548026	1549262	1554726	1565069
8	1520445	1528691	1530248	1540206	1542922	1548210	1553077	1565264
10	1520261	1528525	1530103	1531011	1535477	1540100	1548073	1549246	1554737	1565030
8	1519566	1527821	1533337	1539342	1540615	1552163	1554057	1564353
9	1496561	1514568	1515758	1521181	1527376	1533305	1535499	1540517	1543934
7	1496295	1514306	1515407	1520870	1527129	1533110	1541144
7	1496424	1514487	1515611	1521066	1527242	1533221	1541289
9	1496383	1514338	1515503	1520931	1527223	1533144	1535286	1540320	1543736
7	1495618	1515752	1520218	1526443	1527865	1532399	1539599
9	1510619	1521660	1526573	1530011	1532236	1542028	1546681	1560785	1566402
9	1510488	1521375	1526242	1529851	1535410	1541840	1548477	1560557	1566114
9	1510559	1521616	1526400	1529997	1532149	1541952	1546550	1560698	1566304
9	1510519	1521374	1526371	1529835	1535446	1541855	1548543	1560594	1566157
7	1520707	1525598	1529443	1531321	1534971	1541329	1565445
8	1503114	1518004	1523005	1529616	1543417	1547255	1553378	1565145
9	1502840	1517741	1522776	1527187	1530865	1543091	1547050	1553165	1564933
9	1502971	1517901	1522918	1527396	1535715	1543279	1547178	1553328	1565101
8	1502932	1517792	1522806	1529436	1543175	1547075	1553162	1564921
8	1502162	1517060	1522075	1526522	1530162	1532045	1552460	1564225
10	1501171	1502911	1505757	1509735	1519715	1523959	1527814	1534872	1537532	1556082
7	1500926	1502672	1506900	1519467	1521142	1534633	1555841
9	1501118	1502785	1505597	1509692	1519667	1523951	1534787	1537471	1556039
8	1500928	1502752	1506938	1519466	1521152	1525237	1534669	1555836
9	1500238	1504747	1506211	1518779	1520445	1523064	1533947	1536599	1555147
10	1509670	1513601	1519726	1520638	1526183	1535005	1542229	1545421	1563536	1570494
10	1509309	1513228	1519391	1522996	1528761	1532893	1536808	1541895	1563176	1570233
10	1509491	1513418	1519570	1522885	1528970	1536899	1542068	1563406	1564677	1570376
8	1509440	1513390	1519497	1534809	1541996	1545297	1563252	1570294
11	1508676	1520756	1522594	1528114	1530605	1532663	1536096	1541245	1544486	1562541	1569546
12	1485603	1514310	1519555	1522073	1529247	1535797	1537449	1541581	1546063	1550288	1555364	1562062
11	1485429	1514093	1519253	1521817	1524750	1535507	1539032	1545688	1550072	1555086	1561780
13	1485538	1514278	1519435	1522005	1524858	1529167	1535659	1537380	1541456	1545930	1550176	1555287	1562025
11	1485446	1514074	1519332	1521840	1524772	1535594	1539096	1545770	1550150	1555112	1561756
9	1513388	1518579	1521132	1524035	1528309	1534843	1538291	1549362	1554408
7	1488402	1514570	1524536	1528611	1532041	1536280	1550533
7	1488014	1514247	1524266	1528400	1531788	1536051	1550144
7	1488220	1514416	1524382	1528575	1531901	1536160	1550367
7	1488140	1514356	1524377	1528402	1531879	1536125	1550259
5	1523589	1527696	1531099	1535359	1549529
9	1513258	1516036	1518988	1522120	1528090	1535185	1543552	1551896	1558596
7	1513131	1515793	1527839	1535007	1543314	1551616	1558299
9	1513279	1515990	1518896	1522084	1527955	1535129	1543468	1551816	1558450
8	1513120	1515797	1527930	1535024	1538024	1543353	1551645	1558402
7	1512394	1515103	1518058	1527148	1534295	1542624	1550943
6	1503830	1522426	1523656	1533391	1537577	1542487
7	1503528	1522131	1522906	1527884	1531424	1537230	1542268
8	1503700	1522331	1523063	1527993	1531545	1537401	1542341	1544792
5	1503622	1522173	1524841	1533203	1542373
6	1521467	1524126	1527182	1530733	1536583	1541548
8	1490469	1491711	1518893	1519776	1531900	1541426	1549215	1561451
9	1490189	1518734	1519721	1531629	1537275	1541197	1549033	1551393	1561201
9	1490459	1491573	1518882	1519757	1527103	1531825	1541328	1549158	1561341
9	1490151	1518697	1519694	1531665	1537300	1541220	1549037	1551377	1561250
8	1489517	1517999	1521624	1523555	1530957	1533580	1536576	1548311
8	1519907	1521198	1526114	1530311	1533931	1538254	1543912	3981562
6	1519662	1521189	1525836	1530141	1538038	3981359
8	1519846	1521132	1523534	1530316	1533924	1538239	1543884	3981538
5	1519670	1521079	1525880	1535839	3981332
9	1518965	1521908	1526775	1529418	1533040	1537335	1538866	1543005	3980646
11	1503822	1508905	1510509	1512796	1517610	1522470	1526619	1530672	1535727	1540327	1548140
9	1503637	1508614	1510268	1517456	1522361	1524852	1534027	1540101	1547923
10	1503818	1508814	1509923	1512708	1517602	1522488	1526589	1535786	1540291	1548089
9	1503592	1508647	1517416	1522297	1524864	1530491	1534029	1540084	1547922
8	1502919	1509593	1511837	1525614	1529764	1533318	1539389	1547214
9	1493827	1517659	1520081	1523590	1528756	1534576	1537278	1554779	1555883
8	1493440	1517326	1519779	1521085	1528471	1544670	1554366	1558413
9	1493695	1517542	1519987	1528683	1531123	1535955	1554618	1555822	1558540
8	1493520	1517392	1519817	1528500	1534356	1544717	1554479	1558398
9	1492822	1516682	1519115	1522703	1527802	1530633	1533979	1553761	1557687
9	1482292	1483579	1512487	1514764	1520185	1524586	1533807	1537601	1549969
11	1482073	1483459	1512156	1514439	1519964	1521364	1527381	1531569	1534923	1539657	1549679
9	1482275	1484392	1512310	1514634	1520060	1524527	1533726	1537525	1549932
9	1482038	1512389	1514516	1521338	1527339	1531589	1534961	1539700	1549659
4	1511732	1526672	1532879	1535361
7	1506596	1519927	1524249	1526958	1531894	1536128	1546279
6	1506257	1519685	1523903	1526666	1539014	1543078
6	1506472	1519812	1524069	1526816	1539046	1543229
7	1506333	1519746	1524030	1526750	1531660	1535949	1546099
7	1505613	1526002	1527420	1531775	1535179	1538255	1545333
11	1505440	1506823	1510809	1522423	1525960	1532529	1537199	1542592	1546368	1561663	1566210
9	1505282	1508266	1522223	1525806	1534515	1542320	1546215	1561442	1565988
12	1505184	1508359	1510715	1516086	1522349	1525979	1532413	1537136	1542485	1546320	1561616	1566175
10	1505304	1508271	1515960	1522239	1525752	1534524	1542403	1546207	1561430	1565974
7	1504544	1509892	1525698	1528484	1531539	1541652	1560736
7	1502564	1514143	1518876	1521388	1537973	1549403	1560942
7	1502309	1513792	1518624	1521007	1525403	1549085	1560643
7	1502458	1514001	1518732	1521221	1537921	1549294	1560815
7	1502363	1513877	1518753	1521131	1525403	1549144	1560717
6	1501623	1517934	1526717	1527924	1548431	1559981
8	1515630	1524481	1529044	1532294	1535168	1541563	1543045	1549959
7	1515424	1524281	1528960	1532071	1535838	1541323	1549688
8	1515590	1524401	1529031	1532205	1535049	1541460	1542970	1549783
7	1515413	1524315	1529032	1532123	1535915	1541358	1549820
8	1514714	1523980	1531376	1534193	1540633	1542101	1545547	1549004
5	1518666	1521322	1526583	1531253	1534159
4	1518375	1521080	1522495	1536628
6	1518528	1521216	1523167	1531090	1532069	1536760
5	1518470	1521145	1526389	1531069	1533906
5	1520393	1525660	1531290	1535968	1537264
6	1517324	1521740	1527326	1532295	1537875	1555890
7	1517184	1521529	1527161	1532085	1537677	1544054	1555614
7	1517269	1521687	1527321	1532179	1537752	1544346	1555835
7	1517190	1521523	1527115	1532156	1537757	1544053	1555617
7	1520822	1526433	1531380	1536966	1538419	1543409	1554942
7	1512544	1513832	1519682	1523829	1530474	1535194	1537305
8	1512246	1513556	1519329	1522277	1525190	1530147	1534845	1541071
6	1512446	1513702	1519535	1523679	1530298	1534925
7	1512295	1513686	1519439	1522326	1530286	1535106	1541096
7	1511580	1512898	1518702	1521595	1529502	1534396	1536327
7	1491911	1516980	1517985	1527189	1530655	1540506	1545804
7	1491589	1516770	1517756	1526846	1530384	1540297	1541183
8	1491715	1516952	1517979	1521808	1527076	1530606	1540455	1545733
6	1491741	1516746	1517724	1526911	1540294	1541260
6	1516062	1517373	1526209	1529709	1539593	1544870
7	1508074	1512440	1515263	1519029	1523538	1530759	1539759
8	1507655	1512182	1512976	1517176	1522381	1525362	1530407	1539451
8	1507904	1512310	1513150	1517407	1522593	1525471	1530621	1539632
6	1507781	1512266	1515054	1518821	1530480	1539528
5	1511504	1514293	1521773	1524676	1529765
9	1495224	1510022	1513357	1520859	1532702	1544540	1550404	1559032	1627828
12	1494642	1509702	1513093	1516124	1520619	1525924	1529804	1544348	1550216	1553747	1558791	1627838
9	1495061	1509848	1513206	1520811	1532620	1544496	1550375	1558945	1627675
13	1494755	1496241	1509825	1513203	1516116	1520608	1525933	1529877	1544341	1550193	1553757	1558822	1627950
12	1509050	1512408	1515419	1521805	1525213	1529135	1531793	1535615	1543617	1549493	1558098	1627029
7	1518454	1519986	1525835	1530086	1538823	1546393	1560501
7	1518221	1519694	1521956	1532741	1538543	1546061	1560225
7	1518313	1519799	1522099	1532817	1538679	1546250	1560389
8	1518314	1519831	1525603	1529870	1538632	1546148	1547343	1560290
9	1519032	1521269	1524853	1529151	1532049	1537871	1539232	1546538	1559554
6	1506703	1521670	1522680	1527021	1535656	1539743
7	1506372	1521541	1522389	1529463	1534005	1538270	1543574
6	1506581	1521665	1522572	1529624	1534082	1543787
6	1506440	1521497	1522457	1526860	1539469	1543646
9	1505725	1520795	1522578	1528802	1530387	1533269	1535685	1542927	1544248
7	1504970	1506143	1519412	1522947	1525256	1537044	1543300
9	1504668	1505817	1519231	1521447	1522618	1528884	1534914	1536755	1543006
6	1504874	1506074	1519294	1522801	1525030	1535030
8	1504712	1505829	1519326	1522726	1528986	1535012	1536830	1543147
6	1504006	1521974	1524251	1528206	1538088	1542342
9	1503637	1513341	1514807	1517646	1526722	1540512	1547170	1551820	1572678
10	1503350	1513182	1514645	1521284	1524013	1528315	1540278	1546928	1551548	1572941
10	1503503	1513299	1514785	1517819	1526830	1532920	1540429	1547059	1551714	1572833
10	1503431	1513182	1514656	1521244	1523989	1528376	1540299	1547001	1551607	1572728
7	1512457	1516943	1520520	1523289	1527673	1539575	1571990
9	1491894	1501318	1518255	1520129	1528757	1534363	1539906	1543663	1553225
7	1491540	1500959	1517942	1520174	1527206	1531874	1552879
9	1491702	1501123	1518109	1520112	1527162	1532098	1539829	1543490	1553071
8	1491698	1501113	1518039	1520040	1534115	1539822	1543537	1552989
7	1500325	1517286	1524937	1526516	1531264	1538979	1542723
8	1511782	1514673	1517460	1521642	1525077	1533758	1547457	1563018
9	1511561	1514384	1517419	1524918	1526809	1533594	1536446	1547208	1562766
7	1511735	1514500	1521568	1525025	1533699	1547384	1562953
8	1511555	1514508	1524949	1526841	1533594	1536403	1547234	1562775
7	1510854	1514327	1516970	1520711	1537395	1546523	1548385
12	1505015	1510604	1511547	1516140	1520670	1528538	1531913	1537599	1541690	1547598	1551015	1612803
10	1504867	1510303	1511214	1515912	1520386	1526040	1530307	1533872	1543383	1612806
13	1505016	1510492	1511416	1516047	1520577	1526189	1528474	1531824	1537496	1541514	1547427	1550902	1612691
10	1504820	1510365	1511319	1515957	1520424	1526114	1530336	1533871	1543441	1612870
11	1509643	1515208	1519715	1527570	1530296	1533119	1536650	1540740	1546632	1550085	1611987
10	1474348	1506451	1508544	1517653	1525567	1526830	1531294	1541364	1546874	1567298
10	1474231	1506112	1508313	1517419	1525386	1528470	1532992	1537706	1546568	1567072
10	1474299	1506404	1508508	1517565	1525550	1526777	1531266	1541264	1546751	1567243
10	1474232	1506115	1508310	1517445	1525361	1528486	1533030	1537754	1546630	1567077
7	1473480	1505471	1507621	1524670	1525934	1534271	1536975
10	1505172	1508537	1512498	1527011	1530100	1537637	1550106	1554754	1568053	1574049
11	1504865	1508243	1509111	1526662	1529884	1532997	1537480	1549709	1554417	1567717	1573654
11	1505047	1508373	1509277	1526840	1529992	1533076	1537564	1549930	1554594	1567946	1573927
10	1504944	1508376	1512230	1526786	1529954	1537493	1549833	1554522	1567780	1573729
9	1504204	1507580	1511508	1526024	1529158	1532300	1536744	1549096	1573040
7	1514482	1515636	1525692	1530688	1537039	1540909	1559451
7	1514193	1515364	1522797	1530502	1532498	1536915	1559118
8	1514341	1515569	1517982	1522966	1530648	1532663	1537044	1559349
7	1514288	1515354	1525465	1530479	1536841	1540736	1559174
7	1513522	1515442	1519109	1525814	1532243	1536159	1558472
8	1499375	1518125	1520484	1526959	1529560	1533934	1537935	1550899
8	1499814	1517815	1520185	1522428	1526620	1533758	1536110	1550634
6	1499602	1517998	1520321	1526821	1533820	1550770
7	1499539	1517883	1520306	1522542	1526705	1536205	1550711
7	1498783	1519526	1521771	1525980	1536924	1538052	1549955
8	1511919	1516815	1520310	1527038	1529815	1536608	1538690	1596049
8	1511799	1516608	1520147	1522236	1526870	1536371	1541450	1595967
7	1511765	1516728	1520286	1526983	1529707	1536492	1596124
8	1511855	1512933	1520135	1522287	1526909	1536431	1541601	1595834
6	1511070	1515907	1519420	1521569	1526144	1535677
8	1455640	1515350	1521399	1522148	1529349	1535219	1540289	1558540
9	1455426	1515081	1521089	1524021	1529058	1533719	1538760	1543787	1558216
7	1455521	1515244	1521306	1522302	1529213	1543923	1558403
8	1455500	1515138	1521139	1524087	1529129	1538914	1543854	1558303
7	1514402	1520430	1529325	1531297	1534486	1538110	1543095
5	1516396	1530483	1531763	1544103	1561460
5	1516367	1530259	1531560	1543828	1561224
5	1516412	1530397	1531288	1544015	1561368
5	1516301	1530294	1531610	1543868	1561261
5	1515571	1529556	1531389	1543154	1560528
11	1506524	1512498	1516572	1518637	1521793	1527708	1531464	1540275	1545871	1549610	1608530
10	1506159	1512211	1516323	1524809	1531227	1533783	1538698	1542237	1549302	1608418
10	1506365	1512405	1516429	1518707	1527601	1531315	1540143	1545722	1549506	1608517
9	1506276	1512260	1516429	1524844	1531347	1538751	1542363	1549345	1608374
10	1515638	1517922	1520835	1524125	1530538	1538003	1540640	1544910	1548634	1607661
8	1508184	1509385	1519728	1527958	1529054	1552983	1559015	1560124
7	1507932	1519583	1527714	1528864	1552781	1558678	1559742
8	1508127	1509303	1519658	1527891	1528953	1552940	1558883	1559967
7	1507937	1519609	1527793	1528911	1552775	1558776	1560042
2	1507247	1528162
8	1497995	1500320	1513878	1529547	1532023	1535823	1544324	1558891
8	1497624	1500041	1513519	1529280	1531778	1533056	1544066	1558688
8	1497874	1500178	1513734	1529392	1531951	1533183	1544193	1558840
7	1497697	1500133	1513621	1529391	1531800	1544149	1558690
7	1496997	1512889	1528601	1531084	1533943	1544220	1557973
8	1517269	1518189	1523282	1527904	1534508	1537388	1543489	1550888
6	1517007	1517860	1521726	1539982	1545777	1550532
7	1517227	1518071	1523242	1527839	1534502	1537292	1543388
6	1516993	1517941	1521808	1531711	1540058	1550656
7	1517219	1521055	1524288	1526973	1533625	1537736	1549894
7	1508855	1522215	1523988	1529830	1530961	1542279	1552887
6	1508579	1521976	1523703	1529471	1541999	1552624
7	1508724	1522104	1523846	1529666	1530821	1542111	1552719
6	1508663	1522035	1523797	1529584	1542131	1552743
4	1523033	1529068	1530861	1541331
10	1518715	1520413	1532717	1535865	1546145	1551544	1560242	1566642	1571970	1577191
10	1518559	1520203	1532484	1535640	1545851	1551320	1559919	1566368	1570098	1577071
10	1518671	1520313	1532646	1535805	1546044	1551494	1560156	1566536	1570242	1577108
10	1518555	1520251	1532499	1535656	1545897	1551308	1559958	1561362	1566425	1577110
10	1517824	1531789	1534940	1536283	1545180	1550611	1565693	1569427	1571050	1576315
6	1521695	1523117	1530313	1535063	1540178	1554700
7	1521426	1522934	1530034	1534800	1537212	1541806	1554312
6	1521562	1522987	1530213	1534918	1540012	1554504
5	1521518	1523033	1534916	1537303	1554468
7	1522216	1524339	1526320	1529371	1539230	1541894	1553661
11	1509175	1511293	1514242	1519826	1524342	1530434	1531770	1538036	1541965	1545217	1552803
6	1508903	1511036	1519629	1530231	1542876	1552497
11	1509053	1511183	1514173	1519755	1523083	1530348	1531732	1537962	1541918	1545115	1552676
7	1508970	1511106	1519650	1524106	1530293	1542959	1552574
7	1518917	1523378	1529496	1530876	1541049	1544262	1551836
8	1511874	1521112	1523142	1526800	1538973	1544411	1550247	1555966
9	1511631	1520834	1522914	1527976	1533375	1538599	1544011	1549871	1555629
7	1511783	1520929	1523043	1526646	1544171	1550076	1555830
7	1511673	1520981	1522967	1533715	1538745	1549996	1555721
9	1510944	1522222	1528334	1529624	1532968	1537957	1543393	1549248	1554988
9	1507573	1516840	1518468	1522477	1525297	1531502	1534900	1541768	1555558
9	1507373	1516593	1518099	1524834	1528522	1533736	1538148	1541511	1555371
8	1507567	1516792	1518303	1522239	1529933	1534875	1541690	1555529
8	1507325	1516592	1518206	1528488	1533764	1538142	1541524	1555348
8	1506663	1515907	1517474	1527710	1533955	1537451	1541116	1554650
4	1518654	1521999	1530355	1536462
6	1518325	1521645	1525784	1530031	1536454	1539671
4	1518498	1521907	1530167	1536304
6	1518432	1521685	1525809	1530180	1536567	1539791
5	1517678	1521006	1525034	1535643	1539025
8	1494721	1508955	1528166	1532208	1535190	1536469	1547049	1553460
8	1494422	1508660	1527799	1531974	1534970	1538734	1544774	1553134
8	1494583	1508831	1528019	1532121	1535099	1538204	1546977	1553314
8	1494512	1508728	1527895	1532022	1535017	1538715	1544822	1553223
6	1493761	1507993	1527172	1531272	1534272	1544109
7	1514329	1515795	1525313	1530912	1534853	1539738	1544447
8	1513933	1514646	1518858	1522905	1530695	1531778	1539477	1544034
7	1514111	1514837	1519046	1530831	1531965	1539593	1544257
7	1514107	1515598	1519928	1525136	1530735	1539565	1544161
6	1513319	1518198	1521094	1524399	1529997	1543426
8	1475882	1516506	1523384	1527847	1531169	1540876	1545526	1556571
7	1475811	1516244	1523265	1527596	1532132	1540677	1556368
8	1475922	1516473	1523393	1527760	1531077	1540847	1545426	1556536
8	1475725	1516232	1523203	1527628	1532131	1540655	1545337	1556345
6	1515565	1522512	1526898	1530217	1539964	1555657
6	1506460	1508485	1517199	1521757	1526353	1539910
7	1506142	1508154	1516874	1520390	1524142	1529637	1539619
7	1506235	1508346	1517068	1520603	1524284	1529761	1539770
6	1506326	1508237	1516963	1521493	1526222	1539712
5	1505491	1507506	1516227	1524312	1538952
7	1517663	1519423	1525794	1531583	1535111	1547817	1557138
7	1517320	1518083	1525592	1528178	1534552	1547536	1556926
5	1517541	1525716	1531527	1547765	1557110
7	1517394	1518805	1525619	1528163	1534839	1547536	1556906
7	1516683	1524881	1527428	1530693	1534041	1546862	1556220
4	1526286	1527616	1533997	1544746
5	1525959	1527380	1529929	1544469	1545379
4	1526157	1527515	1533936	1544605
4	1526031	1527431	1530015	1544563
3	1525310	1533031	1543792
9	1479032	1506658	1508022	1517630	1520466	1526759	1538320	1545327	1553076
9	1478441	1506443	1507903	1517423	1526465	1532184	1538136	1545004	1552893
10	1478909	1506532	1507951	1517555	1520309	1526610	1533645	1538286	1545182	1553016
9	1478514	1506518	1507985	1517450	1526550	1532225	1538111	1545110	1552907
6	1506076	1507272	1525797	1527586	1531492	1539086
6	1517256	1519249	1526750	1531369	1533004	1544826
6	1516968	1519033	1526428	1531040	1535211	1544551
6	1517084	1519170	1526627	1531194	1535324	1544682
6	1517106	1519042	1526500	1531157	1532821	1544666
5	1516298	1525776	1532043	1534532	1544792
9	1505247	1517034	1521287	1527317	1530687	1539891	1552407	1554986	1562732
8	1504991	1516784	1521029	1527132	1539512	1552142	1554784	1562464
9	1505226	1516940	1521242	1527241	1530602	1539759	1552346	1554964	1562642
8	1504966	1516830	1521017	1527161	1539589	1552145	1554765	1562503
6	1504310	1526418	1538887	1551460	1554076	1561788
8	1515983	1522313	1523573	1526940	1534335	1538232	1540388	1555153
6	1515625	1522099	1524915	1534075	1537995	1554793
7	1515850	1522217	1525063	1526796	1534206	1538110	1554990
6	1515713	1522155	1524972	1534160	1538060	1554902
8	1514992	1521399	1524220	1525980	1533392	1537299	1541228	1554159
8	1405337	1516293	1520890	1524180	1532935	1534637	1540846	1577259
9	1405246	1515963	1520600	1523970	1526922	1532761	1536713	1540612	1577342
8	1405179	1516210	1520830	1524100	1532916	1534596	1540764	1577450
9	1405359	1515999	1520609	1523997	1526876	1532750	1536690	1540635	1577101
6	1519932	1523255	1533738	1536815	1539922	1576487
7	1508947	1512642	1518862	1522285	1531517	1537272	1543420
7	1508690	1512310	1515478	1519776	1526082	1538987	1543173
7	1508797	1512462	1518756	1522164	1531458	1537052	1543343
7	1508799	1512428	1515514	1519863	1525748	1539086	1543200
7	1508007	1511660	1514787	1517899	1529346	1532028	1538305
10	1512839	1517109	1520624	1527068	1528011	1535217	1543766	1554742	1555665	1562222
7	1512641	1516866	1520412	1526904	1534982	1554443	1561985
9	1512797	1517034	1520628	1526996	1535138	1543660	1554626	1555701	1562171
8	1512632	1516896	1520366	1526940	1535012	1539272	1554513	1561977
9	1511928	1519706	1522437	1526172	1534285	1538540	1542814	1553783	1561290
7	1502976	1504158	1509758	1522565	1527876	1537203	1541879
10	1502625	1503871	1509489	1511593	1522350	1525169	1530030	1536917	1541565	1543778
8	1502811	1504024	1509648	1522425	1530205	1537016	1541731	1543917
9	1502743	1503977	1509551	1513129	1522448	1527677	1531773	1537082	1541659
7	1501990	1503206	1508816	1521642	1524491	1526921	1529348
12	1462197	1513644	1521890	1522848	1524353	1529377	1531965	1538309	1545754	1552558	1555715	1576612
10	1462177	1513426	1521614	1522781	1529140	1534732	1545537	1552283	1558626	1576474
13	1462281	1513581	1521759	1522890	1529249	1531891	1538220	1543927	1545653	1552476	1555604	1558767	1576585
11	1462048	1513438	1521699	1522544	1524247	1529205	1538091	1543873	1552318	1558614	1576444
9	1512722	1520938	1523490	1528437	1534050	1537362	1544827	1554766	1557901
8	1516893	1518484	1525729	1532643	1537948	1541940	1548427	1555614
8	1516556	1518176	1525484	1529812	1537643	1539648	1548191	1555412
8	1516737	1518302	1520843	1525577	1530138	1539802	1548294	1555541
9	1516653	1518322	1525617	1527256	1532401	1537765	1541672	1548271	1555460
8	1517527	1520240	1526496	1529181	1536983	1539014	1547497	1549021
8	1507302	1522857	1524089	1529970	1532832	1537260	1543570	1548138
8	1507038	1522632	1523776	1529731	1537093	1538152	1543343	1547913
8	1507189	1522790	1523927	1529849	1532759	1537193	1543512	1548118
8	1507103	1522646	1523891	1529801	1537082	1538164	1543349	1547905
7	1506358	1521928	1524438	1529040	1531895	1542647	1547213
8	1527534	1530098	1533887	1539145	1542977	1550943	1554412	1569795
7	1527239	1528676	1531418	1536992	1550614	1554110	1569505
7	1527384	1528757	1531578	1537153	1550320	1554254	1569648
8	1527348	1528659	1533691	1538989	1542758	1550737	1554226	1569600
5	1526571	1529159	1530773	1536335	1568833
8	1489768	1516538	1517830	1521337	1535635	1539069	1548011	1557156
11	1489545	1516278	1517730	1524368	1527563	1532523	1537904	1542009	1547677	1551412	1556989
10	1489678	1490947	1516476	1517760	1521185	1530567	1535560	1539002	1547875	1557113
10	1489575	1516294	1521164	1524411	1528130	1532491	1542097	1547764	1551412	1556973
7	1515594	1523681	1527884	1531826	1534729	1550746	1556256
11	1517465	1520425	1522896	1526097	1532474	1536134	1540278	1546014	1549444	1557869	1608627
10	1517229	1520147	1523283	1528437	1540107	1545678	1549139	1552363	1557661	1608510
11	1517394	1520347	1522794	1526053	1532322	1535970	1540217	1545833	1549277	1557767	1608604
7	1517250	1520173	1540119	1545829	1552412	1557724	1608479
8	1519477	1522590	1523989	1531529	1535154	1545011	1548478	1607751
6	1520981	1523763	1527394	1532210	1542618	1552683
7	1520739	1523583	1525120	1529172	1534312	1542468	1552379
6	1520937	1523703	1527337	1532187	1542578	1552562
7	1520734	1523551	1525125	1529188	1534293	1542445	1552440
6	1520048	1522835	1528755	1531309	1541725	1551712
7	1508284	1512580	1517982	1526367	1540048	1542335	1545813
7	1508050	1512244	1517589	1519932	1523365	1539837	1545529
7	1508166	1512408	1517798	1522051	1526194	1539881	1545638
8	1508123	1512368	1517723	1518699	1523462	1527929	1539959	1542140
9	1507356	1511597	1516972	1519260	1522720	1525376	1528425	1539129	1544860
14	1498564	1505876	1512524	1515476	1516632	1522985	1526273	1531487	1539146	1549387	1556628	1560401	1570098	1585507
13	1498373	1505597	1512231	1515343	1522796	1533823	1538869	1543425	1549132	1556379	1559973	1569883	1585374
14	1498511	1505828	1512446	1515519	1516652	1522920	1526153	1533959	1539022	1549307	1556530	1560218	1570075	1585435
13	1498377	1505608	1512261	1515290	1522813	1533865	1538944	1543374	1549163	1556429	1560107	1569854	1585394
12	1497656	1511566	1514612	1522082	1528451	1533112	1538192	1548449	1555693	1559360	1569176	1584625
8	1516451	1517721	1523572	1526857	1538709	1543386	1549022	1552745
7	1516219	1518783	1523423	1538479	1541375	1548755	1552512
8	1516364	1517656	1523565	1526796	1538626	1543318	1548896	1552644
7	1516254	1518747	1523400	1538497	1541398	1548831	1552543
7	1515517	1518104	1522681	1525890	1539342	1542501	1551814
9	1515700	1518689	1521941	1526599	1532656	1535263	1549209	1553498	1565326
7	1515724	1518415	1526434	1532402	1548632	1553288	1565119
9	1515651	1518659	1521795	1526910	1529196	1535173	1548826	1553409	1565253
7	1515724	1518432	1526492	1532440	1548972	1553349	1565139
8	1514900	1517730	1520929	1531711	1534333	1548106	1552586	1564410
10	1512724	1524216	1524987	1531024	1535108	1541429	1546078	1550121	1555749	1564299
9	1512527	1523938	1524716	1534826	1537970	1549779	1550750	1555493	1564062
9	1512634	1524101	1524849	1527728	1534405	1538168	1550842	1555636	1564235
9	1512573	1524006	1524745	1530814	1541267	1545834	1549925	1555570	1564055
8	1523267	1526872	1528223	1530047	1534155	1540450	1545073	1549137
9	1499750	1513849	1515469	1518397	1522984	1532456	1536946	1541857	1559581
8	1499414	1513501	1515239	1519966	1524845	1541614	1544549	1559463
11	1499627	1505547	1513678	1515391	1522901	1528840	1533348	1538142	1544725	1547099	1559539
10	1499484	1505473	1513624	1515279	1518202	1532271	1536711	1541618	1544537	1559452
10	1498768	1512863	1514550	1517488	1525188	1527991	1532554	1535994	1543842	1558708
7	1508916	1513195	1515861	1521284	1529655	1534072	1540137
6	1508552	1512852	1515516	1522826	1533761	1536449
7	1508736	1513003	1515730	1522907	1533946	1536623	1540090
8	1508689	1513015	1515591	1521052	1523689	1529441	1533843	1539939
6	1507917	1514882	1522082	1525259	1528722	1539229
7	1504074	1522477	1524273	1530419	1533131	1537559	1553054
6	1503948	1522162	1524044	1536140	1541674	1552701
7	1504086	1522333	1524224	1532153	1536281	1541769	1552892
5	1503893	1522259	1524057	1530198	1552818
8	1503201	1521510	1523338	1526326	1529462	1532140	1540960	1552060
9	1493098	1515352	1519347	1526602	1531926	1535693	1545334	1551956	1563254
8	1492845	1515002	1518940	1526283	1528498	1545028	1551602	1562885
8	1492999	1515156	1519170	1526431	1528660	1545211	1551782	1563052
10	1492895	1515151	1519067	1521127	1526413	1531697	1535559	1545101	1551725	1563040
10	1492160	1514369	1518336	1520358	1527803	1530936	1534771	1544369	1550966	1562259
10	1485112	1506384	1517721	1521862	1525763	1530865	1537580	1543124	1544512	1557087
9	1484894	1506132	1517604	1521700	1526856	1528284	1537296	1542953	1556841
9	1485009	1506311	1517672	1521892	1526996	1530767	1537459	1543125	1557024
9	1484943	1506159	1517611	1521635	1525582	1528275	1537374	1542924	1556842
6	1484190	1520975	1526130	1527573	1542221	1544197
12	1483885	1485166	1499570	1500735	1515596	1516728	1527675	1535725	1542937	1545607	1556551	1565123
10	1483654	1499266	1515215	1518611	1520742	1525089	1528331	1535511	1556333	1564765
10	1483751	1499389	1515409	1518785	1520915	1525245	1535533	1542794	1556478	1564991
11	1483744	1499408	1515357	1518821	1525204	1527528	1535627	1542769	1545447	1556355	1564849
11	1482957	1498607	1514590	1518010	1520092	1526776	1529395	1534741	1541996	1555630	1564131
14	1507171	1508238	1512594	1513756	1523109	1528487	1531863	1538109	1544532	1551434	1556042	1562234	1572629	1590708
13	1507345	1512367	1522893	1524782	1533842	1538564	1544333	1551182	1555857	1557455	1561983	1572436	1590496
14	1507213	1508162	1512508	1513681	1523094	1528470	1531779	1538110	1544471	1551310	1556007	1562178	1572615	1590697
13	1507255	1508030	1522860	1524770	1533866	1538478	1544352	1551267	1555841	1557504	1561967	1572403	1590474
13	1507323	1511673	1524045	1528567	1530852	1535376	1543600	1550484	1555138	1556767	1561290	1571721	1589771
8	1504102	1521283	1522937	1528478	1539135	1541655	1546953	1553832
9	1503935	1521056	1522660	1526536	1531483	1538901	1546691	1549049	1553625
9	1504022	1521153	1522811	1526705	1531647	1539075	1546868	1549272	1553680
8	1503970	1521156	1522743	1531580	1538916	1541466	1546740	1553724
9	1520358	1522009	1525849	1527530	1530816	1533929	1538198	1545986	1548356
8	1505849	1515583	1517716	1522792	1527346	1530922	1540586	1545837
8	1505627	1515322	1517378	1522603	1527224	1530756	1540409	1545551
8	1505809	1515513	1517631	1522700	1527341	1530927	1540571	1545773
8	1505620	1515355	1517415	1522660	1527200	1530691	1540379	1545568
6	1514629	1516739	1521884	1530996	1539688	1544884
7	1513676	1514904	1520736	1526178	1534717	1539690	1547252
7	1513381	1515715	1520446	1525864	1532042	1538025	1546889
7	1513532	1514915	1526064	1528293	1532194	1539523	1547096
8	1513480	1515756	1520527	1525920	1529562	1534437	1538107	1547000
7	1512718	1515033	1519792	1525208	1527434	1529471	1534242
10	1507097	1508314	1511177	1525594	1526903	1530470	1534456	1546192	1555615	1567198
8	1506815	1508474	1525410	1526762	1534329	1546049	1555479	1567043
10	1507016	1508260	1511163	1525526	1526838	1530454	1534445	1546155	1555580	1567160
9	1506853	1508729	1525431	1526771	1534304	1535845	1546026	1555459	1567021
10	1506148	1507956	1524694	1526389	1529552	1533588	1536587	1545309	1554735	1566308
6	1510651	1511814	1517330	1521520	1536192	1545254
6	1510305	1516981	1518299	1523858	1533489	1537025
8	1510475	1511723	1517223	1520187	1523981	1528760	1533667	1545160
8	1510434	1517044	1518405	1521343	1526525	1536006	1540503	1545087
7	1516344	1519373	1520539	1523177	1527911	1536321	1544341
8	1504511	1507521	1508876	1517560	1526964	1531406	1538520	1551261
9	1504488	1507217	1517259	1520649	1526015	1529536	1534057	1538330	1550997
7	1504584	1507458	1508814	1517447	1526927	1538491	1551123
9	1504369	1507243	1517323	1520718	1526119	1529599	1534046	1538303	1551086
10	1503690	1506563	1507968	1518268	1522094	1526031	1528878	1533263	1537612	1550319
10	1516462	1521915	1526147	1527386	1532754	1538292	1542796	1546581	1551852	1560394
7	1516084	1521567	1525785	1533705	1551516	1554172	1560133
9	1516326	1521721	1527316	1532608	1538110	1542628	1546383	1551689	1560233
6	1516177	1521684	1525911	1533827	1551631	1560224
7	1515463	1528135	1531799	1533508	1537309	1545589	1553508
9	1520666	1523458	1524633	1529645	1537482	1542081	1543317	1563541	1573018
7	1520499	1523337	1528124	1532390	1541814	1563306	1572886
8	1520648	1523418	1524646	1529578	1542030	1543212	1563424	1573138
8	1520467	1523309	1528092	1531035	1537248	1541806	1563369	1572729
7	1519766	1522580	1527389	1531649	1541133	1562611	1572144
6	1514185	1517971	1518742	1532386	1536358	1545859
7	1513829	1517571	1520754	1525727	1534321	1539969	1545534
7	1514013	1517787	1518595	1522673	1532306	1536269	1545675
7	1513952	1517700	1520832	1525812	1534452	1540033	1545667
9	1513195	1516961	1520111	1525067	1528198	1530148	1533659	1535431	1544888
7	1504557	1511990	1521706	1523997	1528032	1531773	1541085
8	1504466	1511653	1521432	1523842	1530220	1534505	1538097	1543428
7	1504567	1511873	1521641	1523999	1527900	1534645	1541031
8	1504407	1511724	1521448	1523783	1530268	1534522	1538137	1543470
7	1503703	1520759	1523108	1529541	1535127	1540151	1542729
10	1511502	1513884	1515955	1521601	1529682	1533618	1541062	1543829	1549588	1563932
7	1511228	1513522	1521346	1529420	1540870	1549254	1563625
9	1511386	1513691	1515838	1521495	1529555	1540980	1543631	1549380	1563737
7	1511296	1513682	1521413	1529497	1540904	1549424	1563780
11	1510556	1512870	1520663	1522654	1528742	1529975	1532626	1540154	1542838	1548603	1562964
5	1523064	1524412	1535829	1546636	1551377
7	1522899	1524642	1529209	1535565	1546402	1547889	1554063
5	1523053	1524279	1535716	1546566	1551198
7	1522863	1524688	1529243	1535672	1546420	1547890	1554147
7	1522167	1528495	1534855	1545708	1547182	1550394	1553382
7	1515564	1524997	1528101	1533027	1538593	1541671	1559874
7	1515257	1524733	1527824	1528705	1538295	1544182	1559595
7	1515390	1524841	1527981	1528919	1538431	1544310	1559730
7	1515390	1524858	1527903	1532862	1538416	1541452	1559691
6	1527152	1532348	1537634	1540723	1543508	1558921
11	1489339	1501875	1505118	1508363	1513591	1517598	1525047	1527460	1531762	1540094	1545633
10	1488879	1501722	1504940	1508182	1513325	1517413	1524743	1533061	1539961	1543314
10	1489186	1501860	1505108	1508279	1513483	1517596	1524935	1531639	1540053	1545492
11	1488984	1501693	1504897	1508221	1513376	1517389	1524790	1528379	1533157	1539952	1543236
11	1488296	1504214	1507467	1512649	1516708	1518116	1524640	1526546	1531627	1539209	1542555
6	1522193	1525981	1534290	1538417	1542745	1554603
7	1521829	1525665	1526431	1533935	1538108	1540196	1554314
6	1522014	1525829	1534155	1538261	1542608	1554470
6	1521965	1525769	1534024	1538238	1540287	1554390
6	1521201	1525012	1527593	1533298	1537400	1553644
7	1516490	1518773	1523231	1527165	1533132	1540948	1543246
8	1516328	1518638	1522985	1526970	1532899	1537237	1540726	1547048
6	1516464	1518744	1523144	1527150	1533035	1543146
8	1516306	1518612	1523013	1526941	1532962	1537289	1540807	1547126
8	1515597	1517885	1522297	1526243	1532161	1536564	1542306	1546345
6	1511081	1529660	1532339	1533387	1542990	1566818
5	1510731	1529351	1532077	1542618	1566647
5	1510918	1529522	1532269	1542785	1566768
5	1510849	1529433	1532092	1542778	1566643
5	1510094	1531392	1533802	1541989	1565923
10	1503919	1509110	1510309	1514238	1516945	1522155	1526351	1536029	1542584	1546645
10	1503550	1508771	1510031	1521878	1524518	1529927	1533030	1538699	1542400	1546545
11	1503740	1508976	1510256	1514111	1516888	1522003	1526301	1531678	1535795	1542483	1546598
10	1503681	1508857	1510043	1521990	1524502	1529944	1533075	1538101	1542450	1546558
11	1502923	1508134	1509696	1514389	1521197	1530829	1532396	1535082	1537975	1541684	1545787
9	1502605	1503777	1514251	1517620	1522728	1527329	1532751	1536617	1545097
9	1502243	1503787	1513933	1517338	1520727	1524469	1528931	1536421	1544771
7	1502438	1503785	1514083	1517480	1520882	1536496	1544931
8	1502362	1503704	1514048	1522477	1527123	1532484	1536465	1544887
8	1501610	1504318	1513281	1516646	1520052	1524011	1531759	1544120
8	1486158	1502998	1522091	1523354	1533173	1544406	1555819	1561858
10	1485945	1502852	1521837	1523448	1525622	1532973	1540054	1544255	1555584	1561585
10	1486102	1503017	1521989	1523625	1533147	1537030	1540204	1544360	1555762	1561761
8	1485953	1502791	1521883	1523534	1532945	1544264	1555583	1561635
6	1502115	1521153	1524040	1539372	1554887	1560909
10	1501112	1502290	1507351	1514611	1519679	1523434	1528912	1538236	1545953	1567703
11	1500767	1507097	1508916	1514193	1516273	1526076	1531417	1538035	1539296	1545601	1567288
10	1500947	1507216	1509086	1514393	1519502	1523239	1528791	1538105	1545791	1567512
11	1500886	1507195	1508985	1514357	1516309	1526156	1531482	1538130	1539337	1545710	1567438
8	1500092	1506417	1513585	1515587	1519497	1525393	1530696	1544965
7	1502445	1512978	1516692	1518022	1526158	1531048	1552624
8	1502166	1512689	1516443	1520965	1525956	1530777	1532583	1552398
7	1502349	1512913	1516629	1517887	1526124	1530967	1552598
8	1502206	1512709	1516447	1520918	1525893	1530804	1532636	1552382
5	1515754	1517069	1520248	1535456	1551698
5	1524254	1537433	1539991	1544926	1551655
5	1523982	1537103	1539612	1545718	1551237
5	1524108	1537267	1539833	1544743	1551453
5	1524089	1537220	1539726	1544714	1551423
4	1523310	1538990	1543938	1550624
7	1495757	1498230	1505005	1522692	1529600	1531998	1534337
7	1495485	1497935	1504714	1522391	1529353	1531710	1536403
8	1495660	1498116	1504891	1521618	1522557	1529495	1531930	1536565
7	1495529	1497996	1504773	1521609	1522479	1529366	1534179
5	1494810	1497272	1504045	1521730	1533327
9	1475060	1509838	1517438	1523955	1529022	1533663	1541161	1556737	1557927
9	1474673	1509622	1517318	1523596	1528815	1529963	1540934	1556404	1557925
9	1474899	1509791	1517368	1523793	1528975	1533653	1541031	1556582	1557901
8	1474786	1509619	1517359	1523709	1528823	1530061	1541017	1556515
7	1474055	1508917	1516574	1522963	1529314	1540236	1555759
10	1499410	1500903	1508573	1519374	1528560	1533516	1535510	1550042	1554706	1584928
12	1499073	1500727	1508325	1509914	1519110	1524524	1528253	1533398	1538139	1549802	1554419	1584781
10	1499261	1500918	1508474	1519287	1528447	1533540	1535454	1550004	1554626	1584889
12	1499175	1500671	1508370	1509975	1519134	1524525	1528304	1533329	1538214	1549789	1554456	1584771
8	1500017	1507638	1509228	1524465	1527590	1532647	1538745	1584047
7	1506208	1509243	1515312	1520474	1524354	1539772	1550074
7	1505857	1508876	1514981	1520193	1524033	1539449	1549756
7	1506006	1509055	1515151	1520414	1524196	1539563	1549893
6	1506016	1509025	1515093	1520200	1539612	1549900
5	1508250	1514328	1519516	1523482	1538799
8	1518925	1520102	1525784	1535301	1539613	1544753	1550754	1554448
7	1519832	1521066	1528306	1532767	1537372	1541196	1550556
7	1518886	1520052	1528551	1533467	1537576	1541293	1550731
7	1518749	1519829	1525582	1534067	1544718	1550516	1554133
6	1519158	1520345	1532601	1536652	1538617	1549838
9	1503339	1509671	1513182	1515272	1519439	1529305	1532850	1567087	1568098
8	1503073	1509373	1512892	1519128	1528993	1531238	1566744	1567883
8	1503249	1509539	1513050	1519277	1529154	1531359	1566962	1567983
9	1503121	1509460	1512979	1515053	1519252	1529094	1532729	1566814	1567940
5	1512230	1528339	1530556	1531950	1567181
9	1495001	1513523	1519445	1521308	1527349	1531502	1536945	1557850	1565653
10	1494850	1513286	1519198	1521053	1527094	1536684	1539825	1543747	1557582	1565415
9	1494972	1513489	1519358	1521258	1527272	1531380	1536865	1557712	1565568
10	1494834	1513271	1519222	1521079	1527119	1536726	1539895	1543711	1557670	1565451
11	1494112	1512592	1518501	1520364	1528079	1530806	1535998	1539123	1542981	1556904	1564721
7	1507400	1509499	1515899	1518728	1528059	1536895	1558891
8	1507246	1509115	1515665	1520272	1527749	1536531	1540112	1558568
7	1507302	1509358	1515775	1527909	1536715	1540259	1558737
7	1507306	1509206	1515747	1518552	1527841	1536666	1558664
8	1506513	1508494	1514974	1517745	1521147	1527085	1535902	1557912
11	1512149	1513351	1518196	1523410	1527410	1532447	1537659	1541565	1561483	1564770	1565952
9	1511834	1513119	1516994	1520888	1529695	1534055	1539074	1561264	1564555
11	1511996	1513332	1518148	1523305	1527332	1532320	1537608	1541446	1561401	1564740	1565862
9	1511934	1513096	1517115	1520942	1529695	1534067	1539069	1561292	1564523
10	1511178	1517310	1520213	1523990	1526490	1528969	1531484	1536737	1540621	1560546
8	1515949	1517237	1520431	1527206	1533811	1538284	1548828	1557878
6	1515729	1516860	1526993	1537983	1548533	1557590
9	1515877	1517096	1520253	1527149	1529121	1533734	1538138	1548731	1557729
6	1515753	1516967	1526990	1538089	1548567	1557690
6	1515031	1519477	1526287	1529012	1531029	1532930
8	1500951	1516072	1522848	1528217	1529131	1543119	1560335	1584794
9	1500655	1515770	1522553	1528017	1532965	1537737	1542853	1560115	1584604
9	1500846	1515976	1522745	1528102	1529042	1534549	1542992	1560340	1584672
9	1500706	1515809	1522601	1528080	1533014	1537838	1542907	1560063	1584679
8	1521890	1528191	1532271	1533621	1537089	1543479	1559412	1583883
12	1471020	1471745	1498389	1508504	1509653	1517683	1522434	1524647	1529051	1533556	1538758	1543183
10	1470794	1471631	1498120	1508162	1509516	1517389	1522206	1527578	1536217	1540319
9	1470826	1471698	1498276	1508323	1509570	1517557	1522381	1527737	1540418
8	1470949	1498184	1508294	1509535	1517469	1522225	1524558	1538509
7	1497445	1510279	1521487	1524384	1526899	1529621	1535562
7	1513647	1514400	1521581	1524223	1530127	1535527	1539606
6	1513271	1514053	1521297	1526297	1531707	1540693
6	1513475	1514269	1521515	1526392	1531859	1535476
7	1513395	1514129	1521313	1523978	1529936	1535278	1539422
6	1512648	1523284	1524617	1529235	1534585	1539977
9	1506333	1518089	1519780	1523919	1528251	1535542	1544311	1556799	1576097
9	1506023	1517742	1519540	1535268	1538533	1544003	1547325	1556401	1575459
10	1506166	1517968	1519694	1523808	1528135	1535377	1540872	1547483	1556594	1575702
10	1506149	1517819	1519591	1523714	1535385	1538617	1544104	1547472	1556556	1575819
8	1505367	1518848	1523322	1534591	1537852	1546693	1555787	1574967
10	1507248	1513803	1516095	1518360	1524366	1527049	1537945	1545016	1553733	1562068
9	1507072	1513456	1515870	1520794	1530104	1537819	1544826	1553507	1561754
9	1507253	1513729	1516049	1518300	1524281	1537906	1544956	1553657	1562053
9	1507024	1513489	1515862	1520805	1530092	1537802	1544838	1553522	1561722
7	1506336	1515165	1517413	1523414	1526097	1529405	1561097
10	1491942	1492924	1498684	1511085	1519953	1521059	1526604	1536068	1540430	1544349
10	1491567	1492388	1498415	1510705	1519554	1520783	1524771	1535746	1540118	1544082
10	1491801	1492601	1498551	1510872	1519812	1520962	1524881	1535901	1540308	1544199
9	1491662	1493025	1498496	1510877	1519649	1520857	1535854	1540201	1544185
8	1497740	1510084	1518945	1520093	1524077	1525164	1535089	1543405
11	1512085	1518157	1526812	1529136	1534578	1539066	1545392	1552011	1553192	1562493	1568241
11	1511873	1517882	1526524	1528947	1534389	1537723	1541485	1551767	1554898	1562348	1567995
10	1512001	1518082	1526701	1529090	1534531	1545286	1551963	1553095	1562495	1568227
11	1511913	1517933	1526585	1528937	1534388	1538557	1541368	1551767	1554869	1562275	1567956
6	1517124	1533669	1541825	1544405	1551075	1567306
8	1408553	1504292	1510117	1511280	1516408	1521730	1533556	1538006
9	1408600	1503931	1509850	1511289	1516112	1521501	1526077	1537738	1542204
7	1408441	1504117	1509992	1511348	1516321	1521621	1533441
9	1408667	1504057	1509916	1516153	1521534	1526143	1533406	1537868	1542264
7	1407764	1503301	1523008	1524591	1527627	1529146	1532647
7	1514986	1517296	1519117	1524590	1527840	1532444	1556208
7	1514823	1517131	1521560	1525379	1536435	1540371	1556057
7	1514937	1517224	1519041	1524576	1528502	1532542	1556125
7	1514818	1517149	1521566	1525362	1536482	1540332	1556095
9	1514092	1520809	1523705	1526914	1531635	1537100	1540368	1542656	1555319
7	1520099	1522691	1524583	1531531	1533355	1539206	1542172
5	1519762	1522427	1531184	1538914	1545857
6	1519888	1522551	1524360	1531290	1533342	1539110
6	1519936	1522523	1531400	1536637	1539682	1546010
6	1519123	1521751	1523542	1531158	1533404	1538250
7	1509297	1518289	1520286	1530713	1536512	1542682	1551693
8	1509030	1517990	1520080	1525562	1530449	1536254	1542422	1551437
7	1509205	1518173	1520224	1530644	1536427	1542523	1551659
8	1509075	1518057	1520073	1525527	1530462	1536283	1542533	1551424
8	1508353	1517326	1519366	1524832	1535569	1541709	1543751	1550748
9	1511644	1523597	1527522	1528794	1538859	1542119	1547043	1581018	1588902
9	1511320	1523379	1527231	1529455	1535770	1538575	1546760	1581063	1588979
9	1511535	1523457	1527382	1528743	1532296	1538669	1546935	1580969	1588960
9	1511378	1523480	1527329	1529768	1535830	1538697	1546817	1581068	1588869
7	1510674	1522681	1529022	1530563	1537902	1539524	1546087
7	1514842	1516380	1531909	1540151	1550132	1554904	1575736
10	1514531	1516199	1520199	1523807	1531665	1537939	1549998	1550991	1556737	1575490
8	1514700	1516355	1520423	1523099	1531848	1538076	1550071	1575682
10	1514629	1516188	1520315	1531692	1535973	1539951	1543522	1550009	1554688	1575488
9	1513877	1515491	1519581	1523729	1530982	1532752	1540442	1549253	1556055
7	1508007	1509152	1521255	1524566	1532161	1535492	1539949
6	1507643	1520981	1524288	1529850	1542391	1551988
7	1507826	1521152	1524449	1525581	1530037	1539830	1552164
8	1502943	1507776	1521028	1524341	1527639	1531940	1542490	1552090
6	1507008	1520306	1524761	1525897	1531166	1536373
6	1514528	1515403	1522312	1525162	1530300	1534567
5	1514097	1515047	1518703	1528159	1536372
7	1514228	1515318	1518890	1525154	1528346	1532249	1541954
6	1514356	1515109	1522080	1524958	1530086	1534389
6	1513502	1518003	1521381	1524254	1529727	1534869
7	1510736	1512189	1515769	1520014	1524477	1528705	1553485
6	1510386	1511905	1519684	1522603	1527295	1553130
6	1510576	1512052	1515638	1519868	1524375	1553272
6	1510507	1511988	1519801	1522653	1527429	1553304
6	1511244	1519025	1521883	1524305	1526910	1552494
7	1513137	1515146	1518296	1525986	1537330	1543734	1546135
7	1512874	1514980	1520176	1525802	1530254	1533626	1543276
7	1513061	1515068	1518236	1525950	1537292	1543581	1546054
7	1512898	1515004	1520199	1525792	1530287	1533588	1543369
8	1512196	1514250	1517356	1519462	1529556	1537034	1542692	1545206
9	1476444	1509561	1510855	1513425	1520892	1530560	1532547	1567371	1591477
7	1476212	1509371	1510585	1520555	1530238	1567000	1591284
10	1476345	1509502	1510770	1513278	1520734	1522414	1530422	1532415	1567232	1591392
7	1476262	1509375	1510628	1520672	1530323	1567084	1591320
8	1508650	1512464	1514431	1520473	1529586	1532514	1566373	1590566
12	1490332	1500986	1506692	1508556	1511850	1516755	1523084	1527297	1536785	1540768	1553021	3079949
11	1490145	1500843	1506426	1508360	1510320	1516552	1522931	1536693	1552852	3080368	3081652
11	1490232	1500891	1506564	1508470	1510579	1516705	1523079	1536833	1552996	3079709	3080857
12	1490202	1500892	1506506	1508392	1516558	1522884	1527116	1536587	1540543	1552821	3080568	3081849
10	1489429	1500108	1505747	1507645	1509673	1522197	1523540	1537095	1539851	1552122
6	1522063	1527422	1529151	1539218	1546488	1555096
6	1521777	1527092	1528750	1538985	1546100	1554763
7	1521954	1527256	1528889	1531568	1539061	1546254	1554956
6	1521880	1527214	1529087	1539102	1546295	1554852
6	1521086	1526444	1528372	1538289	1545480	1554117
7	1512159	1514069	1519979	1523123	1529990	1537044	1542869
8	1511884	1513690	1519730	1525341	1529816	1536857	1539298	1543981
7	1512053	1513915	1519862	1522980	1529961	1537008	1542660
7	1511939	1513806	1519801	1525325	1529785	1536844	1539243
8	1519047	1522176	1524599	1530058	1536137	1538539	1541801	1545244
7	1476756	1520748	1528983	1530127	1532882	1536688	1539858
5	1476441	1520454	1528650	1532593	1536381
6	1476596	1520584	1528876	1530096	1536522	1539726
5	1476553	1520578	1528713	1532677	1536497
6	1475786	1519792	1528005	1531931	1535723	1538879
12	1491716	1498750	1507309	1510080	1516155	1518898	1525822	1532508	1543316	1547776	1553338	1581490
12	1491537	1498550	1507068	1509713	1515919	1522580	1525621	1530421	1536639	1540484	1544180	1553160
11	1491690	1498712	1507242	1509918	1516094	1518774	1525747	1532470	1543255	1547705	1553331
12	1491516	1498540	1507082	1509827	1515948	1522568	1525594	1530445	1536623	1540504	1544304	1553117
12	1497816	1506375	1509080	1515216	1517978	1521855	1525382	1530947	1535912	1539788	1543448	1552438
8	1512245	1520274	1530455	1535393	1541321	1543710	1552112	1560110
10	1512037	1519867	1523805	1527314	1531953	1537616	1541213	1546154	1551989	1559935
8	1512143	1520110	1520830	1535311	1541294	1543582	1552097	1560063
10	1512097	1519989	1523863	1527453	1531822	1537617	1541187	1546092	1551957	1559928
9	1511332	1519240	1523939	1525115	1528277	1536911	1541870	1545418	1551233
9	1487639	1503828	1515885	1518387	1525395	1530624	1535528	1538527	1559425
9	1487516	1503681	1515647	1518224	1521857	1526578	1531086	1540751	1559175
8	1487577	1503877	1515861	1518411	1522074	1526739	1541416	1559341
10	1487534	1503587	1515627	1518162	1519196	1525152	1530375	1538339	1542557	1559201
8	1486764	1502945	1514956	1521224	1524455	1527047	1534582	1543608
9	1476103	1508591	1513852	1515090	1518589	1527443	1535758	1540487	1557612
8	1475750	1508238	1513639	1518377	1527220	1535548	1540088	1557267
8	1475899	1508482	1513783	1518498	1527351	1535648	1540299	1557473
8	1475909	1508300	1513654	1518427	1527263	1535580	1537835	1557350
6	1475118	1507617	1527302	1529314	1535776	1539472
8	1509423	1511580	1520454	1525141	1527964	1536327	1541795	1589787
8	1509218	1511400	1520251	1524903	1530289	1536081	1541562	1589734
7	1509390	1511548	1520395	1525097	1527849	1541666	1589633
7	1509201	1511386	1520271	1524919	1530227	1536158	1589844
7	1519540	1524223	1527012	1530373	1536131	1541955	1588945
7	1505271	1511988	1515714	1521398	1525375	1534554	1565665
9	1504922	1511750	1515451	1518503	1522744	1529038	1532010	1539336	1565350
8	1505109	1511903	1515605	1518670	1529240	1532098	1539491	1565547
7	1505039	1511787	1515498	1521103	1525180	1534333	1565417
7	1504282	1511057	1517838	1520424	1522115	1528409	1529907
7	1507944	1521629	1522337	1530057	1542770	1543978	1548308
6	1507728	1521453	1523962	1527751	1542548	1548103
5	1507877	1521627	1524195	1526404	1542751
6	1507751	1521414	1523981	1527883	1542507	1548112
5	1507027	1520729	1523298	1530421	1547345
5	1492000	1521976	1534748	1538482	1545304
6	1491740	1521603	1534579	1538172	1540639	1545037
6	1491891	1521880	1534695	1538349	1539426	1545153
6	1491797	1521797	1534579	1538248	1540725	1545145
4	1491051	1520978	1533854	1537512
9	1514383	1518267	1521320	1524010	1529431	1532865	1536953	1545008	1564749
7	1514102	1518125	1521067	1529190	1538710	1544785	1564487
9	1514246	1518199	1521229	1523960	1529350	1532817	1536893	1544906	1564724
8	1514190	1518140	1521102	1529219	1533912	1538849	1544817	1564463
7	1513429	1520380	1523095	1528490	1533168	1536427	1563805
5	1515032	1524381	1526971	1530528	1557173
6	1514746	1524136	1526616	1528873	1533032	1556908
6	1514879	1524238	1526715	1528995	1533116	1557067
5	1514849	1524238	1526787	1530528	1556950
4	1514075	1525975	1528223	1533196
11	1497232	1503147	1510170	1516886	1520442	1528076	1531522	1539820	1547177	1548935	1553118
10	1503001	1509911	1516590	1520207	1527861	1532743	1538062	1542799	1546903	1552875
9	1503104	1510098	1516847	1520349	1528011	1531428	1547108	1548823	1553048
12	1497131	1502997	1509923	1516589	1520248	1524512	1527866	1532688	1538065	1542815	1546933	1552868
8	1502261	1520980	1527153	1530590	1532610	1537342	1538928	1546232
5	1520609	1522496	1531463	1537847	1563043
7	1520269	1522236	1531165	1533604	1543265	1548455	1562657
6	1520470	1522385	1531291	1537728	1541158	1562845
7	1520362	1522294	1531296	1533697	1543305	1548647	1562807
7	1519629	1521552	1530504	1537266	1539012	1544020	1562037
11	1493700	1506862	1520826	1522089	1527314	1535306	1536654	1543887	1545534	1551271	1571045
10	1493473	1506718	1520608	1521753	1525812	1535061	1539017	1543664	1548922	1570938
10	1493640	1506794	1520770	1521978	1527204	1535155	1536569	1543822	1545577	1571041
10	1493480	1506741	1520613	1521814	1525744	1535157	1539002	1543699	1549207	1570888
8	1492775	1519905	1525061	1526341	1534374	1542971	1548301	1550395
8	1510809	1518994	1522716	1524450	1533076	1539554	1553479	1566543
9	1510459	1518595	1519456	1532174	1539318	1541390	1546625	1553187	1566182
9	1510602	1518807	1519576	1524264	1532898	1539434	1546813	1553348	1566394
10	1510629	1518754	1519523	1522511	1526081	1532877	1539397	1546714	1553276	1566284
7	1517970	1521756	1525401	1532101	1538626	1552500	1565549
9	1509684	1511850	1515686	1521182	1531495	1534801	1544366	1549117	1560883
11	1509400	1511513	1514065	1518208	1523554	1527082	1536522	1544162	1546477	1550854	1560660
9	1509567	1511749	1515759	1521070	1531435	1534677	1544353	1549057	1560789
11	1509465	1511572	1514106	1518180	1523520	1527106	1536574	1544102	1546422	1550864	1560701
10	1508730	1513376	1514886	1520679	1523643	1526394	1530874	1533871	1535856	1550467
9	1509802	1516825	1519519	1522846	1532667	1536677	1542650	1547562	1562752
8	1509478	1516555	1519247	1521689	1525524	1542383	1547346	1562412
8	1509622	1516697	1519417	1532519	1536528	1542555	1547426	1562662
8	1509621	1516629	1519303	1521749	1525602	1542417	1547452	1562452
11	1508828	1515873	1518575	1521022	1522447	1526089	1528182	1531992	1535689	1546636	1561767
7	1502340	1508324	1511286	1515873	1518278	1532740	1536310
7	1502114	1508010	1511025	1515670	1520569	1532460	1536077
6	1502278	1508201	1511216	1515815	1532648	1536248
6	1502141	1508084	1511048	1522072	1532500	1536085
6	1507356	1510348	1516057	1517452	1521296	1535379
0
0
0
0
0
07/19/2017 13:33:21	07/19/2017 13:39:10
