7	1511317	1518269	1520121	1525751	1531085	1535750	1543580
5	1511039	1517940	1519847	1522900	1545633
7	1511172	1518127	1520009	1525607	1530947	1535592	1543295
7	1511141	1518033	1519912	1523012	1526437	1535561	1545700
11	1510368	1517296	1519177	1522236	1525345	1530114	1531771	1536148	1539150	1542501	1544882
8	1501566	1511643	1516951	1523554	1529679	1536327	1546178	1633528
9	1501156	1511396	1516786	1523291	1529409	1534760	1545928	1547880	1633483
9	1501429	1511552	1516923	1523463	1529594	1534855	1546100	1548061	1633345
9	1501243	1511442	1516761	1523338	1529436	1531413	1536134	1545945	1633612
8	1500551	1516059	1522615	1528733	1530073	1534023	1535405	1547215
8	1512666	1513846	1524435	1527426	1528697	1533937	1542172	1555276
7	1512297	1524103	1527160	1530435	1536750	1540624	1554905
8	1512472	1513849	1524269	1527295	1529330	1533793	1540762	1555079
7	1512457	1524228	1527286	1530498	1536833	1540740	1555059
7	1511668	1523458	1526494	1528511	1539873	1543340	1545162
7	1510523	1511255	1518220	1521509	1528689	1535280	1544913
9	1510141	1511004	1518044	1519413	1528495	1533031	1544649	1548264	1552690
8	1510405	1511154	1518196	1528633	1533124	1544837	1548405	1552732
6	1510219	1511055	1518014	1528494	1530147	1544681
8	1510333	1517319	1519783	1529447	1532289	1543967	1547550	1551921
8	1520101	1524259	1526456	1532453	1537577	1543808	1548309	1570941
8	1519785	1523980	1526083	1528855	1537301	1543500	1547982	1570618
8	1519941	1524122	1526252	1528975	1537420	1543657	1548152	1570814
8	1519901	1524065	1526240	1532207	1537416	1543595	1548095	1570696
7	1519130	1523307	1525457	1532028	1542845	1547337	1569954
6	1504778	1524426	1525589	1531201	1533173	1542461
7	1504544	1524093	1526263	1531100	1535865	1542268	1545115
6	1504698	1524321	1526414	1531185	1533052	1542346
7	1504573	1524148	1526255	1531055	1535826	1542334	1545156
7	1503848	1523444	1530340	1532256	1535597	1541550	1544425
9	1505359	1509072	1511314	1516786	1521505	1525140	1529834	1534606	1541515
8	1504974	1508721	1509640	1516317	1521167	1522905	1534393	1541155
9	1505228	1508945	1511165	1516535	1521364	1525070	1529763	1534510	1541276
8	1505057	1508776	1509672	1516522	1523063	1527121	1534456	1541339
6	1504351	1515738	1520526	1525386	1527551	1540509
9	1504407	1506335	1512141	1515995	1517504	1526968	1532629	1537194	1541839
9	1504181	1506054	1511886	1515703	1520606	1530580	1537100	1539542	1543667
8	1504352	1506270	1512043	1515904	1526882	1532508	1537184	1541748
9	1504184	1506077	1511943	1515771	1520615	1530557	1537103	1539593	1543712
11	1503480	1505380	1511179	1516467	1519891	1523281	1526033	1531686	1536647	1538843	1542951
6	1499866	1507498	1518653	1522424	1529866	1539184
7	1499572	1507085	1518426	1522036	1524095	1533451	1538837
6	1499704	1507276	1518620	1522278	1529760	1539025
7	1499691	1507261	1518412	1522151	1524199	1533526	1538950
7	1498908	1506482	1523442	1525728	1528886	1529957	1538190
8	1504408	1506605	1509825	1527622	1528485	1531735	1555966	1561917
7	1504191	1506378	1512408	1515117	1527377	1555791	1561734
8	1504330	1506586	1509656	1527566	1528420	1531770	1555929	1561889
6	1504217	1506355	1515112	1527380	1555782	1561703
6	1503486	1505681	1508823	1511612	1514416	1527584
7	1501636	1517856	1522494	1525740	1535112	1543201	1567832
7	1501369	1517542	1522201	1525231	1534893	1542893	1567540
8	1501506	1517705	1522321	1525465	1534972	1536699	1543058	1567732
7	1501452	1517641	1522325	1525474	1535006	1543010	1567586
7	1500693	1516885	1521846	1524681	1534174	1543115	1566872
7	1506230	1517519	1518697	1524251	1535076	1547088	1551351
8	1505935	1517259	1518377	1522718	1534820	1540466	1546842	1551227
8	1506148	1517431	1518524	1522866	1534969	1540602	1546952	1551305
7	1505968	1517299	1518391	1525297	1534872	1546943	1551219
8	1505272	1516572	1521997	1526858	1528558	1534134	1539857	1550473
7	1517004	1521946	1523146	1528880	1537447	1545468	1546585
7	1516780	1521657	1523106	1531385	1534967	1540514	1545014
7	1516865	1521820	1523197	1530065	1537308	1540627	1545269
5	1516887	1521726	1523188	1528678	1537248
9	1516084	1520987	1524233	1527952	1530665	1536490	1539827	1544425	1545587
10	1486404	1487221	1490581	1501507	1512367	1519696	1524891	1536873	1541005	1546428
10	1486124	1486945	1501313	1512033	1519436	1524671	1531267	1536634	1539477	1542916
10	1486297	1487113	1490461	1501445	1512237	1519603	1524893	1536776	1540983	1546428
10	1486172	1487020	1501334	1512112	1519483	1524622	1531331	1536678	1539522	1543013
7	1511391	1518754	1523955	1535940	1538785	1540134	1545529
12	1513637	1521844	1522745	1525522	1529182	1533947	1537050	1542095	1550593	1558377	1559953	1568125
9	1513378	1521609	1522517	1533647	1543485	1550234	1552880	1558015	1567791
10	1513501	1521732	1522627	1529048	1533809	1536943	1541902	1550397	1558209	1567978
11	1513468	1521695	1522605	1525314	1528974	1533733	1538054	1550383	1552960	1558133	1567883
10	1512695	1520914	1529012	1533225	1537291	1541119	1549595	1552241	1557382	1567146
9	1503256	1504472	1507229	1520000	1521009	1525580	1530084	1538838	1551651
7	1502999	1506985	1519850	1520935	1531924	1538707	1551401
9	1503219	1504375	1507192	1519990	1521031	1525599	1529959	1538831	1551563
7	1502988	1506984	1519813	1520860	1531985	1538653	1551426
7	1502314	1519118	1526355	1529124	1530492	1537961	1550709
6	1515518	1516483	1521469	1527336	1530859	1545190
6	1515145	1516057	1521203	1528851	1533640	1543651
6	1515329	1516247	1527198	1530715	1543783	1545094
7	1515292	1516251	1523461	1530695	1533719	1538268	1543679
9	1515462	1516686	1520525	1522566	1526302	1529920	1532964	1535711	1542927
10	1503182	1504369	1508116	1512775	1517258	1524902	1530703	1534812	1540629	1544638
9	1502881	1504359	1512831	1516962	1524702	1527757	1533815	1540495	1544417
10	1503106	1504333	1508041	1512751	1517153	1524895	1530800	1534911	1540627	1544518
9	1502909	1507948	1512802	1517005	1524669	1527809	1533844	1540464	1544466
7	1502218	1507212	1527031	1528366	1533109	1539754	1543710
10	1499369	1500530	1505395	1511858	1519829	1523856	1534576	1541584	1543427	1555983
7	1499015	1500192	1503871	1511611	1532011	1541357	1555805
9	1499184	1500368	1504002	1511773	1521532	1525881	1532176	1541506	1555950
8	1499151	1500393	1511642	1519609	1523643	1527911	1541379	1555786
10	1503165	1510925	1515631	1518878	1520855	1522932	1525047	1528308	1540654	1542475
9	1500639	1508820	1510011	1517486	1520244	1523211	1529071	1532641	1542986
8	1500148	1508629	1509800	1517215	1525574	1530177	1542696	1544318
6	1500319	1508726	1509966	1517403	1529025	1542913
7	1500423	1508675	1509801	1517262	1520063	1525524	1542717
8	1499581	1507912	1509096	1516492	1520365	1525341	1529721	1542030
7	1485536	1519936	1521274	1526180	1532199	1535298	3424314
8	1485259	1519708	1521009	1524943	1529064	1535038	1538755	3423926
7	1485449	1519876	1521185	1526089	1530523	1535232	3424139
8	1485296	1519714	1521083	1524943	1529072	1535050	1538712	3424053
7	1484581	1519012	1520576	1528385	1531292	1534346	3423306
8	1487316	1514488	1521268	1526085	1531973	1538301	1539544	1553033
10	1487150	1514280	1520989	1521724	1525807	1527832	1531784	1537996	1542849	1552802
8	1487283	1514403	1521189	1525979	1527950	1538173	1543035	1552929
8	1487120	1514304	1521020	1525866	1531821	1538091	1539364	1552856
5	1486841	1527088	1531063	1537338	1542139
7	1508719	1515530	1516799	1519724	1529551	1536786	1550839
6	1508280	1515177	1516677	1536552	1539939	1550546
7	1508457	1515345	1516766	1526397	1536705	1540092	1550694
7	1508506	1515326	1516670	1519489	1523506	1529398	1550634
9	1507675	1517721	1520905	1522729	1525562	1526586	1531633	1536489	1549877
7	1505342	1513367	1522870	1524066	1532616	1547636	1552797
8	1505170	1513171	1522630	1523821	1527272	1529923	1547357	1549976
7	1505313	1513300	1522814	1523996	1532514	1547537	1552737
9	1505145	1513189	1522637	1523801	1527355	1529766	1538982	1547394	1550013
10	1512456	1521941	1523119	1531697	1534839	1536841	1539014	1546684	1549250	1551848
9	1518865	1523269	1524127	1527372	1532495	1542106	1548942	1551079	1561405
8	1518567	1522788	1529931	1534666	1541826	1543209	1548659	1561117
9	1518759	1523036	1523804	1527232	1532384	1541961	1548781	1550890	1561274
9	1518625	1522982	1524679	1529956	1534721	1541908	1543294	1548764	1561200
8	1517901	1522229	1531547	1533997	1542571	1547987	1550100	1560449
7	1513093	1514311	1519353	1528172	1538356	1542573	1552010
9	1512732	1514190	1519213	1527922	1531400	1538128	1542244	1544286	1551779
9	1512982	1514299	1519312	1528061	1531565	1538311	1542473	1544382	1551886
9	1512799	1514175	1519210	1527972	1532733	1538117	1542296	1546509	1551856
8	1512101	1527233	1530705	1537428	1542395	1545772	1547041	1551083
7	1503944	1514902	1522949	1524192	1529464	1532494	1563184
8	1503630	1514522	1522657	1529127	1532160	1536528	1539984	1562898
6	1503843	1514695	1522869	1524375	1529317	1563066
9	1503685	1514674	1522690	1524321	1529231	1532241	1536594	1540053	1562961
6	1502975	1521987	1528938	1531520	1537511	1539269
9	1509630	1514577	1516257	1526782	1530451	1536156	1543222	1554668	1586556
7	1509256	1514322	1515886	1526336	1540977	1554379	1586902
9	1509500	1514480	1516077	1526678	1530409	1536106	1541133	1554554	1586681
9	1509344	1514364	1516029	1526393	1531675	1541032	1546060	1554446	1586730
7	1513639	1529528	1535247	1537191	1540293	1542265	1553711
6	1505651	1512957	1519297	1525660	1531016	1535885
6	1505435	1512678	1518959	1520391	1523233	1530681
7	1505546	1512871	1519116	1520503	1523481	1530867	1534193
4	1512720	1519098	1520430	1530777
5	1518320	1520989	1524729	1530032	1533310
7	1516955	1517695	1524766	1532694	1535958	1539983	1546615
6	1516783	1518184	1524658	1532521	1537545	1546440
7	1516903	1518377	1524806	1532662	1535955	1539999	1546590
6	1516777	1518305	1524573	1532509	1537553	1546422
8	1516742	1517948	1523901	1531800	1535050	1536837	1539119	1545720
6	1517934	1526554	1528236	1531421	1536415	1547216
5	1517644	1526152	1527954	1533995	1546883
6	1517823	1526381	1528125	1536235	1539971	1547074
6	1517707	1526281	1528041	1534005	1537593	1546987
7	1516976	1525541	1527293	1529576	1533295	1535461	1546241
10	1503916	1505994	1514687	1520230	1525656	1533940	1538740	1544201	1547528	1554550
9	1503740	1505818	1514407	1516740	1521646	1532080	1535352	1543988	1554212
11	1503869	1505894	1514571	1520222	1525625	1529133	1533837	1538693	1544123	1547463	1554419
9	1503740	1505877	1514473	1516718	1521575	1532084	1535323	1544020	1554269
11	1503020	1505093	1516014	1519306	1524732	1525931	1527649	1534631	1537805	1543295	1546611
8	874989	1519896	1521745	1526371	1533497	1536365	1539999	1544419
7	874896	1519708	1521519	1526090	1528239	1533246	1542922
7	875560	1519860	1521731	1526292	1533426	1536485	1540014
7	874295	1519690	1521504	1526123	1528328	1533248	1539864
4	1518989	1520783	1525432	1539505
9	1500235	1501373	1506742	1515848	1520055	1525081	1529237	1536008	1556471
9	1499873	1506412	1507515	1508260	1515608	1518917	1529045	1535821	1556198
8	1500068	1501376	1506618	1515738	1522932	1529177	1535935	1556384
7	1499994	1501304	1506493	1515668	1524901	1535829	1556230
8	1499231	1506915	1514915	1516087	1519048	1522022	1524159	1555511
10	1507941	1517452	1518172	1528922	1530537	1539694	1544944	1549367	1557540	1558204
9	1507650	1517190	1528732	1530211	1534339	1537037	1544676	1548999	1557187
8	1507793	1517321	1528743	1530324	1544780	1549191	1557393	1558073
9	1507752	1517273	1528864	1530366	1534421	1537118	1544773	1549130	1557285
7	1506985	1516512	1528013	1533673	1536363	1548377	1556550
10	1509613	1510810	1516642	1520757	1525872	1529314	1534955	1543422	1548296	1555555
9	1509355	1512125	1516350	1518754	1522441	1531503	1537913	1549102	1555328
8	1509577	1510736	1516565	1520794	1525829	1534938	1549306	1555486
10	1509350	1512162	1516369	1518703	1522425	1528035	1531484	1537880	1549169	1555335
11	1508672	1511449	1515645	1518274	1524969	1528368	1530759	1534038	1538723	1548447	1554619
7	1523137	1525823	1539266	1544026	1548270	1555814	1564395
8	1522781	1525516	1528499	1536423	1545323	1550437	1555487	1564126
8	1523000	1525681	1536556	1540416	1545446	1550540	1555615	1564252
6	1522868	1525618	1536516	1543890	1552333	1564217
8	1522148	1524856	1527780	1535747	1538269	1543091	1547557	1549769
9	1506809	1508965	1516575	1521332	1524992	1529430	1534137	1546835	1549522
7	1506563	1508657	1518357	1522458	1533920	1546628	1549264
10	1506786	1508867	1512668	1516508	1521278	1524993	1529326	1534064	1546736	1549427
8	1506544	1508705	1512616	1518373	1522513	1533952	1546674	1549299
7	1505876	1507993	1517696	1520402	1521818	1524077	1545916
6	1516597	1519629	1524038	1528758	1530108	3423270
5	1516415	1519467	1522598	1528586	3422823
5	1516621	1519649	1524000	1528733	3423108
7	1516353	1519419	1521113	1525569	1531320	1533846	3422941
4	1518728	1527737	1530667	1533210
4	1515299	1523307	1526015	1532903
4	1515072	1515863	1523102	1532736
4	1515227	1523251	1525893	1532885
6	1515096	1516535	1523103	1525837	1532688	1534644
3	1525074	1526460	1532005
8	1500946	1515206	1516453	1520901	1528509	1533077	1540000	1542637
5	1500718	1514860	1516171	1530617	1539711
9	1500792	1515034	1516327	1520837	1523663	1528423	1533073	1539857	1542456
4	1500844	1514984	1516301	1539820
9	1514221	1520418	1521978	1524628	1527612	1529944	1532303	1539048	1541669
7	1515666	1519537	1524066	1529910	1534321	1538126	1553260
8	1515527	1519285	1522228	1526197	1534031	1535950	1540097	1553050
7	1515705	1519460	1522378	1529834	1534212	1538027	1553158
8	1515600	1519290	1522252	1526207	1534102	1535919	1540166	1553101
7	1514720	1518559	1524694	1533369	1535260	1537510	1552344
4	1525013	1526937	1539255	1544505
5	1524673	1526687	1531287	1535830	1551393
4	1524856	1526806	1539066	1544404
6	1524774	1526797	1531385	1535904	1539903	1551458
4	1524031	1525988	1530607	1543602
8	1509225	1519602	1520859	1527286	1531293	1540682	1546672	1576152
8	1508940	1519366	1520678	1523586	1528594	1537587	1546347	1575973
8	1509071	1519545	1520770	1523761	1528802	1537758	1546517	1576131
8	1509056	1519377	1520719	1527062	1534572	1540433	1546442	1575946
10	1518675	1519938	1522892	1526316	1527980	1530390	1536927	1539724	1545685	1575252
9	1481139	1513260	1521785	1523866	1527372	1530993	1540267	1545636	1551022
9	1480898	1513110	1521480	1523497	1530772	1533290	1539935	1550624	1551565
9	1481053	1513202	1521663	1523708	1527235	1530864	1540074	1545465	1550744
8	1480930	1513111	1521551	1523605	1530852	1533298	1540084	1550824
8	1520823	1522871	1526427	1530069	1532925	1539285	1544680	1550895
5	1522916	1526902	1533268	1538650	1542162
4	1522791	1526632	1533011	1538428
5	1522863	1526819	1533193	1538570	1542129
4	1522791	1526663	1533043	1538453
7	1522296	1525959	1532333	1534162	1537728	1538919	1542003
7	1519919	1521591	1528681	1531553	1542060	1553477	1554649
7	1519527	1521241	1528418	1534050	1541770	1553132	1555760
7	1519724	1521437	1528534	1533776	1541945	1553285	1555862
7	1519686	1521352	1528503	1531390	1541836	1553283	1555871
8	1518910	1521779	1527731	1530633	1533392	1541101	1552493	1555083
6	1515177	1516117	1524572	1529707	1539516	1558198
7	1514903	1515995	1524310	1525890	1530881	1539254	1557937
7	1515080	1515931	1524490	1529604	1533552	1539426	1558100
7	1514950	1515925	1524353	1525938	1530861	1539297	1557980
6	1514229	1517920	1523635	1530112	1540981	1542706
6	1513195	1516725	1520876	1521640	1526512	1537704
6	1512856	1516406	1520566	1526176	1528897	1537437
6	1513022	1516565	1520695	1521500	1526342	1537589
6	1512982	1516520	1520678	1526321	1529010	1537496
6	1512211	1515753	1519902	1522311	1525539	1536759
8	1510324	1511510	1514843	1522181	1524204	1528539	1533258	1537606
6	1510116	1511261	1521929	1526968	1529873	1539610
8	1510244	1511445	1514718	1522135	1524102	1528424	1533190	1537538
6	1510151	1511275	1521925	1526960	1529843	1539645
6	1510573	1513911	1523287	1526274	1529093	1538929
6	1520899	1530820	1532221	1536814	1542351	1549528
5	1520611	1530618	1532025	1541999	1549251
6	1520776	1530732	1532108	1536677	1542178	1549441
5	1520683	1530657	1532107	1542104	1549298
4	1519938	1529908	1531332	1537210
6	1509560	1520458	1521395	1524257	1530465	1543499
7	1509201	1520223	1521231	1526870	1531483	1543256	1545629
5	1509438	1520358	1521351	1530387	1543441
7	1509276	1520270	1521223	1526876	1531455	1543264	1545628
7	1508570	1519529	1522533	1524607	1526497	1529529	1543195
9	1506445	1510672	1513580	1514998	1519645	1530260	1580875	4001992	4003067
9	1506167	1510460	1513423	1517116	1521793	1529916	1580640	4001709	4002446
9	1506350	1510589	1513582	1514899	1519568	1530136	1580902	4001912	4002699
9	1506206	1510488	1513368	1517214	1521842	1529987	1580553	4001741	4003134
6	1505492	1509753	1512638	1515297	1518754	4001031
8	1504124	1505426	1516950	1519047	1527473	1535337	1542339	1585093
7	1503939	1516723	1518762	1524709	1535120	1544316	1584909
10	1504111	1505279	1516898	1518943	1519571	1527394	1535275	1535952	1542245	1584984
7	1503909	1516728	1518813	1529054	1535136	1538194	1584970
10	1503215	1516025	1518671	1521156	1522831	1527001	1534413	1541414	1543619	1584185
8	1506505	1516119	1517429	1522163	1526762	1532172	1537670	1550416
7	1506115	1515733	1517259	1520539	1524923	1530351	1550076
8	1506264	1515976	1517347	1520710	1525138	1530487	1537620	1550269
8	1506319	1515835	1517273	1521979	1526598	1531939	1537434	1550168
9	1505501	1515119	1516544	1519874	1522620	1524285	1529654	1537110	1549428
10	1505181	1508230	1514236	1516482	1521759	1525770	1530171	1536226	1543745	1562460
8	1505011	1508152	1510515	1513943	1518178	1525469	1543593	1562328
9	1505123	1508222	1510626	1514124	1518358	1525665	1527260	1543653	1562425
7	1505007	1508113	1516248	1521610	1525521	1543634	1562313
9	1507381	1509760	1513282	1517505	1520836	1524807	1531881	1538862	1561577
8	1487315	1489165	1520302	1521678	1528761	1533422	1542750	3790264
11	1487077	1489021	1520059	1520792	1528539	1530592	1535192	1542570	1546798	1550219	3790083
7	1487279	1489214	1520263	1528716	1533313	1542729	3790206
10	1487060	1488926	1520048	1528540	1530611	1535170	1542537	1546736	1550147	3790109
5	1486383	1520072	1529896	1534484	1545972
8	1518374	1519682	1526818	1531577	1538125	1550507	1558809	1573944
10	1518157	1526552	1527305	1531271	1534345	1537850	1543311	1550256	1558567	1573834
9	1518348	1519567	1526756	1531475	1538011	1545085	1550398	1558750	1573939
9	1518134	1526574	1527602	1531347	1537934	1543344	1550300	1558604	1573772
9	1517444	1525874	1532344	1533607	1540879	1542584	1544222	1549570	1557851
5	1512383	1524589	1526471	1530912	1541330
7	1512046	1524390	1527079	1528423	1534632	1541040	1544062
6	1512218	1524533	1525639	1530812	1535569	1541177
7	1512163	1524393	1525760	1528566	1534723	1541162	1544201
6	1511400	1524910	1526380	1533950	1540364	1543428
10	1497683	1510985	1512142	1517616	1522885	1529276	1537503	1541979	1549391	1557262
9	1497520	1510669	1512811	1516092	1519132	1529013	1534335	1549001	1556939
7	1497608	1510841	1512980	1529180	1534517	1549258	1557206
10	1497542	1510767	1512837	1522786	1529061	1530462	1537365	1541763	1549087	1556951
10	1512122	1515405	1518475	1521974	1528329	1529769	1533660	1541041	1548372	1556290
8	1494183	1499796	1507437	1509770	1524548	1529964	1545865	1554943
9	1494090	1499580	1507217	1509438	1513504	1516845	1524440	1545712	1554894
10	1494220	1499778	1507434	1509700	1524593	1529918	1532571	1545871	1555033	1556157
9	1494012	1499541	1507173	1509462	1513515	1516822	1524367	1545651	1554752
9	1493328	1508793	1512808	1516109	1518870	1524352	1529068	1544974	1554102
9	1489077	1509485	1515347	1516057	1524568	1528362	1534861	1536231	1542661
9	1488857	1509169	1515200	1515907	1521242	1529397	1534659	1538752	1544210
7	1489038	1509269	1515308	1524465	1528249	1534811	1542485
8	1488841	1509344	1515175	1515915	1521257	1529398	1534687	1538785
8	1508519	1514452	1516734	1520496	1523565	1527427	1528674	1544376
11	1511183	1517441	1521653	1532318	1539025	1547033	1551217	1555486	1564647	1571729	1686635
10	1510716	1517087	1521432	1533054	1538775	1555193	1564330	1566216	1571430	1686844
12	1510975	1517252	1521556	1528579	1533303	1538903	1542291	1546910	1564523	1566362	1571628	1686647
12	1510880	1517235	1521481	1532171	1538862	1539710	1546838	1551009	1555258	1564406	1571480	1686773
8	1510139	1516446	1520736	1522674	1531395	1538093	1541508	1570766
6	1519465	1521815	1532539	1539851	1542510	1548357
6	1519229	1521585	1530115	1539698	1544578	1553706
6	1519432	1521793	1532518	1539788	1542352	1548228
6	1519214	1521550	1530119	1539727	1544610	1553793
8	1518535	1524466	1526851	1529444	1533497	1539788	1547415	1553051
9	1513327	1517965	1521326	1533858	1536745	1540735	1546229	1550589	1568145
11	1513019	1517627	1520858	1525351	1529341	1533631	1538039	1545899	1548289	1552897	1567807
10	1513182	1517824	1521100	1526724	1533746	1536570	1540595	1546015	1550437	1568009
10	1513112	1517704	1521036	1525546	1529490	1533698	1538128	1548459	1553068	1567888
10	1512358	1516983	1520263	1525926	1528742	1532932	1535820	1539786	1547666	1552291
12	1477451	1478717	1489064	1511226	1512426	1520910	1522243	1532015	1539993	1548458	1550791	1555120
13	1477391	1478562	1488891	1510822	1512250	1520738	1524467	1529305	1533206	1539803	1543262	1548249	1554839
13	1477499	1478679	1489100	1511067	1512405	1520929	1524518	1529415	1534125	1539908	1543462	1548375	1555019
13	1477292	1478557	1488814	1510940	1512243	1520688	1524416	1529283	1531750	1539833	1548276	1550532	1554889
11	1488170	1510215	1511540	1519930	1524059	1528560	1531650	1539080	1542604	1547540	1549819
8	1522624	1523614	1531926	1534664	1538389	1544098	1556815	1567506
9	1522364	1523275	1526460	1531762	1535774	1543701	1545612	1556677	1567234
9	1522572	1523644	1531864	1534517	1538283	1543936	1547068	1556754	1567434
9	1522367	1523556	1526556	1531816	1535946	1543822	1545656	1556691	1567250
7	1523248	1524514	1533707	1535144	1543090	1555930	1566555
7	1515033	1524044	1525346	1533411	1538079	1542086	1549114
6	1514795	1523868	1525120	1533344	1542002	1548916
7	1514950	1523990	1525281	1533419	1537985	1542128	1549009
6	1514849	1523859	1525125	1533292	1541939	1548972
7	1514003	1526113	1533244	1535577	1537167	1541233	1548206
6	1507250	1520061	1534368	1535618	1540528	1550397
7	1506915	1519758	1534063	1535401	1540147	1550048	1552971
7	1507075	1519905	1534200	1535482	1540352	1550223	1553179
6	1507049	1519868	1534189	1535501	1540264	1550173
4	1506274	1519102	1533401	1534706
8	1473975	1493078	1502312	1511764	1516023	1521998	1528299	1542152
9	1474059	1492944	1502027	1511527	1515849	1516814	1521846	1525593	1541880
8	1474078	1493078	1502184	1511723	1516010	1521960	1528186	1542078
10	1473908	1492894	1502106	1511516	1515817	1516721	1521841	1525518	1541900	1543355
7	1492200	1501358	1510834	1521106	1524847	1527351	1541203
7	1447272	1520382	1521107	1524424	1534752	1537892	1546513
7	1447246	1520099	1520824	1527408	1534451	1535423	1546206
6	1446976	1520241	1520971	1524290	1534600	1546316
7	1447486	1520188	1520959	1527512	1534562	1535549	1546350
5	1519417	1523472	1526736	1533792	1536944
7	1511754	1516133	1520423	1528924	1534929	1539538	1548524
8	1511538	1515890	1520327	1528567	1531659	1536459	1548303	1550510
8	1511674	1516058	1520387	1528845	1531820	1534941	1539408	1548437
9	1511567	1515944	1520307	1528612	1531723	1536536	1540657	1548323	1550559
7	1515204	1519562	1521291	1527942	1530947	1534046	1548319
2	1522918	1528445
4	1522558	1523293	1528218	1533155
1	1522787
3	1522643	1528262	1533246
3	1521924	1527523	1532464
9	1511392	1512773	1520286	1524787	1530707	1540290	1543555	1556402	1569796
8	1511223	1512586	1520054	1528017	1531303	1537355	1556102	1569581
9	1511404	1512696	1520183	1524697	1530607	1540165	1543475	1556307	1569766
8	1511175	1512590	1520112	1521955	1528078	1537469	1556145	1569558
10	1510501	1519361	1523835	1527288	1529804	1532372	1537167	1539334	1542612	1555439
7	1505878	1512943	1517437	1524022	1534962	1544521	1599499
8	1505590	1512578	1517166	1523596	1532684	1538492	1542818	1599288
9	1505732	1512817	1517329	1523795	1532926	1538650	1542938	1547390	1599382
6	1505690	1512705	1517191	1523779	1544275	1599356
9	1504922	1511917	1524525	1529197	1532086	1542093	1543579	1546573	1598580
11	1502314	1503499	1509703	1512018	1515981	1520174	1525822	1530995	1538948	1544369	1549613
8	1501990	1509512	1511836	1517527	1525676	1535908	1540756	1549228
12	1502250	1503431	1509668	1512016	1515892	1520306	1525778	1530950	1536029	1538854	1544353	1549466
8	1502008	1509496	1511793	1517509	1525657	1535969	1540782	1546278
8	1501339	1511739	1516819	1519307	1524936	1530110	1535695	1538027
9	1456714	1520094	1524235	1528764	1534934	1540185	1545572	1560882	3977168
9	1456594	1519890	1523848	1528464	1531063	1539966	1545284	1560601	3976959
9	1456621	1520071	1524054	1528640	1534864	1540106	1545416	1560795	3977077
9	1456655	1519864	1523976	1528541	1531093	1540080	1545391	1560635	3977007
3	1530344	1535900	1539207
10	1505373	1510378	1513065	1514240	1518643	1524799	1532012	1538864	1541225	1547214
9	1505033	1510215	1512830	1518459	1521173	1529740	1534843	1539105	1544217
9	1505268	1510243	1512981	1513851	1518602	1524751	1538802	1541246	1547173
8	1505096	1510315	1512838	1518460	1529814	1534858	1538781	1544219
10	1504393	1509481	1512133	1517742	1520510	1526268	1529100	1534096	1538899	1543488
7	1497082	1508840	1523385	1524827	1529676	1538746	1553976
8	1496772	1508539	1523095	1524561	1529247	1533273	1537513	1553621
8	1496952	1508705	1523263	1524677	1529457	1537665	1538649	1553826
8	1496858	1508629	1523164	1524597	1529432	1533346	1537677	1553717
6	1496118	1522420	1523881	1529263	1532585	1537822
6	1507826	1515035	1517763	1521332	1540018	1544737
6	1507542	1514798	1517552	1521057	1528788	1539704
6	1507763	1514933	1517732	1521220	1539878	1544627
7	1507562	1514857	1517526	1521132	1524126	1528857	1539791
6	1506874	1523359	1525154	1528082	1539046	1543777
10	1507883	1516479	1518391	1522899	1526394	1529901	1535529	1540927	1548648	1553798
10	1507635	1516149	1518078	1527480	1532381	1540554	1541479	1548393	1553414	1557125
9	1507788	1516308	1518219	1522753	1526225	1535395	1540775	1548545	1553614
10	1507682	1516274	1518207	1527515	1532477	1540656	1541759	1548439	1553549	1557175
10	1506945	1515505	1517424	1521900	1525427	1534585	1539916	1547703	1552791	1556481
8	1498008	1511191	1516416	1525485	1526551	1533315	1536688	1549374
8	1497890	1510867	1516226	1525360	1526417	1533080	1537965	1549056
9	1498181	1511079	1516330	1525500	1526483	1533213	1536609	1549251	1550567
8	1497671	1510933	1516270	1525300	1526441	1533119	1537909	1549121
7	1497142	1510219	1515510	1524609	1532380	1535739	1548401
5	1518019	1526144	1533895	1538685	1561398
7	1517647	1525846	1533674	1538461	1543132	1547813	1561067
6	1517823	1525989	1533758	1538567	1544995	1561280
6	1517804	1525959	1533766	1538539	1547898	1561137
8	1517024	1525180	1537762	1541162	1542458	1544794	1547102	1560418
9	1491248	1506956	1512757	1517322	1524438	1526613	1533133	1538722	1551767
9	1490931	1506614	1512371	1517046	1521280	1524146	1533036	1538516	1551512
9	1491092	1506782	1512630	1517198	1521444	1533219	1534329	1538678	1551636
8	1491040	1506744	1512446	1517124	1524245	1532906	1538516	1551601
9	1490281	1505972	1511751	1516378	1520583	1523464	1532279	1537804	1550827
10	1501930	1503007	1510413	1519752	1523870	1533080	1536040	1541010	1550694	1570066
7	1501537	1502402	1510111	1519367	1544296	1550368	1569752
7	1501724	1502482	1510284	1519557	1523754	1550568	1569948
12	1501695	1502656	1510184	1519514	1523638	1525873	1532922	1535853	1540832	1544410	1550438	1569816
11	1500916	1509449	1518750	1522912	1524506	1535082	1536648	1540041	1543608	1549718	1569098
11	1502147	1506761	1514087	1516988	1522942	1530465	1533982	1540527	1549350	1555355	1561921
11	1501818	1506624	1513761	1522698	1530235	1532681	1535974	1540362	1549037	1555053	1561683
12	1501976	1506815	1507967	1513944	1517004	1522904	1530407	1533920	1540443	1549224	1555234	1561832
11	1501956	1506524	1513864	1522691	1530228	1532701	1535993	1540374	1549090	1555126	1561709
9	1505880	1513111	1516144	1522007	1529522	1531974	1541434	1548372	1554386
7	1492963	1514837	1515979	1521910	1525827	1533062	1540186
9	1492727	1514479	1516167	1519178	1524219	1528506	1532901	1539986	1543621
9	1492860	1514666	1515952	1520004	1524342	1528706	1532976	1540068	1543707
8	1492781	1514615	1516308	1521716	1525755	1532940	1540062	1543668
6	1492032	1513849	1519480	1520954	1527870	1533166
7	1513562	1516203	1521227	1522822	1527913	1532392	1540214
6	1513215	1516030	1521198	1529843	1533656	1540025
6	1513470	1516157	1521194	1522774	1527874	1532290
6	1513265	1516034	1521034	1529908	1533567	1540036
6	1512582	1520323	1521918	1529144	1531474	1539310
9	1500464	1501558	1511121	1517464	1520964	1525534	1541259	1548649	1549712
8	1500064	1501705	1510760	1517137	1525318	1527514	1540848	1548228
9	1500280	1501633	1510902	1517302	1518209	1525437	1527663	1541042	1548238
8	1500210	1501550	1510938	1517246	1520759	1525367	1541008	1548600
9	1499452	1501067	1510130	1511526	1517402	1524618	1526819	1540237	1547629
9	1484169	1504558	1506495	1517520	1521488	1524606	1545773	1554107	1561718
9	1484119	1504251	1506305	1517322	1524380	1526529	1545555	1553960	1561486
8	1484204	1504429	1506460	1517509	1526693	1545747	1554107	1561668
9	1484037	1504329	1506286	1517290	1521276	1524327	1545530	1553913	1561483
7	1483321	1503592	1505591	1516610	1520600	1523674	1560792
8	1515716	1521112	1529209	1531664	1536412	1544048	1548706	1554497
9	1515367	1516115	1520861	1525172	1528934	1533834	1543816	1548431	1554187
9	1515591	1516318	1521021	1525333	1529140	1533970	1543965	1548631	1554363
7	1515445	1520893	1528945	1531445	1536157	1540394	1554276
9	1514730	1520831	1524446	1528260	1530722	1533158	1535458	1543116	1553521
10	1508897	1514366	1516276	1522450	1525056	1531365	1534044	1538226	1548028	1567825
9	1508646	1514113	1515961	1522212	1526308	1530993	1541193	1547769	1567564
10	1508836	1514272	1515476	1522367	1531209	1532653	1538066	1541344	1547973	1567752
8	1514146	1516009	1522246	1524897	1531112	1533870	1547775	1567580
9	1513428	1515309	1521526	1524180	1525608	1531790	1533120	1547085	1566882
10	1509486	1516303	1521644	1523011	1531993	1543515	1545852	1564680	1565383	1566402
10	1509117	1515990	1521421	1526308	1529106	1533637	1543196	1564422	1565140	1565861
9	1509348	1516186	1521542	1522967	1531850	1543338	1545701	1564561	1565285
8	1509212	1516052	1521476	1526359	1529156	1533710	1543337	1564483
14	1508491	1515334	1520693	1522138	1525639	1528412	1529949	1532955	1534856	1537302	1542542	1545167	1563730	1565470
7	1515351	1517882	1523497	1532849	1537586	1543957	1547733
5	1515182	1517680	1523338	1526329	1532602
7	1515354	1517838	1523506	1532776	1537551	1543943	1547679
5	1515130	1517663	1523290	1526263	1532626
9	1514449	1522612	1524171	1531912	1535446	1536699	1539437	1543046	1546772
5	1516968	1521063	1525820	1542823	1550442
6	1516505	1520712	1525466	1529665	1542471	1550124
5	1516761	1520880	1525687	1542632	1550289
6	1516667	1520826	1525562	1529781	1542622	1550226
6	1515925	1526439	1529010	1530820	1541838	1549935
9	1471725	1495597	1499672	1511909	1513120	1522624	1527923	1531845	1546449
10	1471553	1495397	1499432	1511649	1522437	1527695	1530340	1535272	1538621	1546166
10	1471668	1495516	1499681	1511847	1513033	1522596	1527887	1535337	1538722	1546347
11	1471545	1495428	1499387	1500121	1511671	1522414	1527688	1531727	1538633	1540742	1546205
8	1498730	1521718	1526996	1529681	1532331	1535125	1545492	1546673
6	1519958	1526414	1528313	1533227	1538007	1542966
7	1519675	1526137	1528116	1531065	1535859	1541033	1544118
6	1519849	1526290	1528266	1533096	1537833	1542875
6	1519736	1526197	1531190	1535978	1541107	1544170
6	1519010	1525452	1530411	1535256	1540353	1543453
10	1500363	1503756	1508003	1512169	1515653	1520439	1533131	1534974	1540077	1573447
9	1500140	1503528	1507749	1509911	1522560	1532915	1539949	1542843	1573225
11	1500296	1503674	1507955	1510073	1513315	1522751	1526972	1533058	1540042	1542992	1573438
11	1500156	1503582	1507746	1511947	1515444	1520196	1532940	1534766	1539917	1542806	1573182
9	1509213	1514751	1516127	1519538	1521867	1532209	1534077	1539191	1542109
9	1501196	1502033	1505734	1509618	1521387	1526741	1528016	1533084	1544073
8	1500915	1501699	1509317	1511774	1521060	1526424	1531706	1543865
10	1501115	1501899	1505649	1509480	1514528	1521250	1526611	1527959	1533036	1544011
8	1500949	1501877	1509402	1511775	1521141	1526492	1531741	1543873
5	1512032	1513733	1520382	1525768	1532154
14	1491160	1499587	1502856	1504100	1512279	1513599	1519989	1523700	1528852	1531864	1546939	1550926	1576732	1578059
11	1490973	1499426	1502651	1512031	1519719	1530086	1534823	1546676	1550763	1576627	1577920
13	1491063	1499547	1502781	1512193	1513585	1519927	1523668	1528763	1531824	1546846	1550989	1576783	1577934
9	1491027	1499420	1502671	1512070	1519742	1534884	1546713	1550658	1576527
11	1490253	1498692	1501930	1511347	1512688	1519045	1522755	1530947	1534181	1550039	1575861
4	1522613	1524218	1536053	1538391
6	1522313	1523836	1527810	1531061	1535788	1540316
6	1522441	1524059	1527963	1531190	1535891	1540413
4	1522443	1523925	1535969	1538199
4	1521649	1523204	1527199	1535114
8	1512991	1518573	1519726	1529887	1530603	1538194	1541600	1571668
7	1512775	1518322	1529658	1530495	1533888	1537824	1571353
8	1512926	1518474	1519641	1529772	1530588	1538130	1541436	1571579
7	1512788	1518399	1529717	1530469	1533999	1537834	1571394
6	1512060	1517590	1533226	1537203	1540624	1570695
9	1509820	1515711	1516706	1528787	1538963	1540156	1546202	1558099	1564326
9	1509529	1515259	1516153	1528468	1538682	1545800	1547003	1557844	1564063
9	1509667	1515508	1516443	1528621	1538817	1539678	1545978	1557973	1564188
8	1509634	1515411	1516343	1528591	1538778	1545972	1557909	1564150
6	1508865	1514672	1527817	1538009	1545182	1563384
6	1522591	1523854	1528091	1541989	1546055	1550758
5	1522340	1523534	1541750	1545792	1550516
6	1522474	1523795	1528053	1541884	1545942	1550621
6	1522407	1523693	1528883	1541805	1545860	1550631
4	1521653	1523823	1541061	1545117
9	1505737	1514221	1518086	1518983	1530337	1536240	1539778	1557291	3425110
11	1505412	1513945	1517742	1522984	1530090	1535972	1539456	1545821	1556985	1558607	3424829
10	1505546	1514140	1517848	1518845	1523156	1530233	1536129	1538801	1557170	3424916
10	1505562	1513970	1517928	1530165	1536036	1539550	1545895	1557061	1558719	3424979
5	1504761	1518026	1535294	1538804	1540478
10	1495779	1506711	1511295	1518941	1525363	1528248	1531148	1540837	1564558	1626979
10	1495562	1506525	1511008	1512627	1518801	1525077	1534091	1538198	1564413	1626828
10	1495866	1506731	1511273	1518954	1525305	1528142	1531143	1540730	1564531	1626929
11	1495426	1506463	1510970	1512626	1518746	1519421	1525097	1534068	1538276	1564384	1626831
11	1494857	1505811	1510342	1518064	1524405	1529508	1534760	1536007	1539880	1563664	1626084
8	1525149	1528089	1531794	1536074	1540788	1546256	1560731	1563767
8	1524907	1527753	1531468	1540332	1545933	1548994	1560500	1563500
8	1525044	1527946	1529250	1540591	1546116	1549148	1560607	1563617
8	1524971	1527844	1531589	1535865	1540458	1546028	1560581	1563610
8	1527108	1530820	1532346	1535109	1539744	1548361	1549953	1559806
7	1513721	1518072	1522553	1528518	1529379	1533737	1539292
6	1513494	1517733	1522302	1528394	1533470	1538911
7	1513661	1517909	1522503	1528476	1529274	1533654	1539149
6	1513509	1517844	1522298	1528369	1533510	1538999
6	1512793	1517093	1521613	1528453	1533347	1538290
6	1507830	1515578	1516774	1526356	1530110	1541791
4	1507500	1515230	1526177	1541514
6	1507715	1515399	1526284	1527405	1532688	1541661
6	1507567	1515352	1526189	1527297	1529850	1541591
5	1506852	1514588	1526573	1529150	1531009
9	1509895	1512289	1519931	1523349	1530920	1534420	1540387	1541359	1555102
8	1509602	1512042	1519708	1523155	1530623	1534199	1540236	1554883
9	1509810	1512158	1519813	1523322	1530798	1534350	1540329	1541238	1555072
7	1509638	1512130	1519777	1530689	1534217	1540254	1554872
3	1508932	1529963	1539493
7	1511752	1516119	1517201	1521962	1526383	1531521	1539489
5	1511454	1515725	1521692	1531290	1539168
7	1511544	1515947	1517220	1521813	1526224	1531450	1539328
5	1511622	1515860	1521795	1531317	1539310
4	1510792	1521011	1532750	1534187
9	1512052	1520321	1524739	1527420	1536115	1540132	1546656	1552630	1557937
7	1511923	1520122	1524482	1527196	1546382	1552329	1557804
9	1512039	1520394	1524646	1527320	1536015	1540049	1546593	1552497	1557942
7	1511889	1520004	1524512	1527277	1546406	1552408	1557754
6	1519389	1523791	1526477	1532223	1535197	1551666
6	1513873	1515071	1519386	1522556	1540082	1543446
6	1513577	1519079	1522332	1526104	1539837	1543223
6	1513764	1515053	1519240	1522449	1539984	1543294
6	1513637	1519177	1522394	1526163	1539881	1543338
5	1512916	1518422	1521638	1525970	1542524
12	1491030	1501707	1504270	1510184	1513302	1522235	1527244	1532330	1535466	1544765	1555961	1565867
14	1490803	1501401	1503986	1509942	1514521	1522145	1523701	1532190	1535219	1538028	1544567	1548761	1555694	1565631
12	1490909	1501650	1504197	1510092	1513313	1522227	1527238	1532313	1535363	1544687	1555892	1565819
13	1490893	1501420	1504011	1509976	1514514	1522095	1529101	1535269	1538057	1544593	1548673	1555702	1565623
9	1503318	1509247	1512441	1513794	1521370	1522986	1534526	1537329	1564931
7	1503811	1517051	1518333	1524387	1530389	1539610	1558676
7	1503469	1516830	1524177	1524942	1539430	1548071	1558360
9	1503669	1516940	1518285	1524328	1527522	1539513	1541453	1544921	1558497
7	1503560	1516891	1524186	1525023	1539521	1548154	1558494
7	1502829	1516129	1523471	1526665	1538703	1542603	1544136
5	1498510	1500164	1522415	1523276	1531216
7	1498255	1499866	1522211	1523076	1528525	1533511	1538563
5	1498384	1500038	1522393	1523197	1531273
7	1498332	1499967	1522189	1523109	1528523	1533535	1538551
6	1497568	1521507	1522768	1527846	1533480	1537852
6	1503777	1514168	1515293	1525136	1529885	1556935
9	1503523	1513858	1514918	1518568	1523626	1527857	1533393	1536327	1556568
6	1503637	1514054	1515162	1524932	1529751	1556776
9	1503624	1513920	1514997	1518693	1523753	1527905	1533473	1536388	1556682
7	1502842	1513200	1518826	1527142	1528909	1532735	1555939
11	1500475	1514220	1515120	1523922	1527404	1533107	1537140	1543108	1553035	1556026	1576552
7	1500191	1513941	1514811	1523690	1524871	1552704	1576418
11	1500381	1514176	1514996	1523837	1527331	1533053	1537113	1543025	1552900	1555925	1576563
8	1500239	1513935	1514890	1523740	1524941	1532916	1547823	1576358
9	1513250	1523004	1524176	1527583	1532204	1536233	1544960	1552060	1575653
5	1514797	1516142	1521430	1526206	1539805
7	1514488	1515824	1519860	1522855	1527537	1532636	1539537
7	1514611	1516010	1520053	1523039	1527452	1532797	1539690
3	1514631	1515919	1539598
7	1515192	1519227	1522213	1525235	1527087	1531984	1538859
10	1503824	1515298	1526467	1530401	1532212	1535906	1542869	1585100	1585922	1636525
9	1503505	1515076	1526250	1530205	1537803	1542642	1585602	1586394	1636650
10	1503753	1515241	1526405	1530404	1532177	1535845	1542809	1585277	1586112	1636495
9	1503534	1515081	1526259	1530161	1537832	1542656	1585382	1586223	1636632
7	1502855	1514374	1525547	1535024	1541948	1584537	1635769
6	1500769	1512452	1521187	1522888	1531366	1547958
7	1500461	1512040	1520905	1522587	1527576	1534013	1547651
7	1500590	1512239	1521022	1522751	1531194	1535054	1547828
7	1500596	1512206	1521038	1522696	1527787	1534025	1547728
8	1499802	1511434	1520241	1521917	1524668	1526940	1530395	1546993
7	1527345	1528635	1531771	1537005	1541740	1545009	1552125
6	1527097	1528432	1533230	1537827	1547473	1551941
7	1527283	1528573	1531766	1536923	1541704	1546153	1552047
7	1527107	1528451	1533680	1537794	1542489	1547498	1551964
6	1526409	1527733	1536056	1541776	1545300	1551191
11	1466457	1498102	1502658	1520281	1523116	1529009	1534720	1538440	1547018	1555010	1556226
11	1466342	1497763	1502305	1520011	1522868	1526017	1531600	1538221	1546665	1549496	1554669
10	1466357	1497919	1502467	1520137	1522913	1528823	1534621	1538348	1546820	1554843
9	1466399	1497897	1502457	1520110	1522889	1526104	1546814	1549595	1554795
9	1465588	1497120	1519332	1522897	1525277	1530913	1533773	1546016	1554023
10	1511638	1512395	1520075	1523765	1529729	1534727	1537214	1540987	1548310	1556073
10	1511371	1512162	1519895	1526337	1529259	1534509	1539427	1548038	1555879	1558794
11	1511616	1512384	1519994	1526478	1529559	1534693	1539523	1543167	1548257	1556098	1558834
10	1511351	1512121	1519925	1523581	1534507	1536995	1540751	1548051	1555802	1559661
6	1519177	1525602	1528672	1533809	1540057	1547353
6	1512839	1515634	1519797	1524681	1535099	1537633
7	1512529	1515407	1519463	1527274	1529957	1534876	1540282
6	1512719	1515514	1519661	1524606	1527407	1540431
7	1512600	1515428	1519553	1524456	1528830	1534955	1537407
9	1511871	1514678	1519885	1524005	1526573	1529319	1534127	1536648	1539595
10	1497068	1508131	1521037	1523706	1530167	1535805	1541637	1548557	1558062	1566295
9	1496821	1507995	1520814	1523530	1530046	1541596	1551909	1557898	1566157
10	1496984	1508171	1520995	1523660	1530194	1535806	1541619	1548481	1558113	1566333
9	1496862	1507903	1520807	1523533	1529979	1541565	1551905	1557803	1566076
9	1522806	1529300	1534953	1537361	1541135	1547655	1551196	1557156	1565416
9	1516422	1517663	1523824	1527133	1536033	1541157	1547729	1560343	1610105
9	1516147	1519751	1523556	1524733	1529611	1535868	1547503	1560032	1610063
8	1516339	1517589	1524992	1529793	1535945	1547629	1560188	1610115
9	1516190	1519820	1523585	1526996	1535904	1541012	1547568	1560138	1609995
8	1519048	1522875	1524738	1529177	1537330	1539528	1559374	1609264
6	1511874	1521299	1524016	1535592	1538619	1559083
6	1511554	1521167	1523825	1526622	1535414	1558891
7	1511767	1521295	1523998	1527597	1535554	1538567	1559023
6	1511606	1521129	1523777	1526703	1535407	1558901
8	1510896	1521069	1523104	1525955	1528183	1534697	1537714	1558171
8	1517456	1518777	1521911	1530321	1534977	1539648	1544601	1549314
5	1517140	1518513	1529187	1539472	1549067
8	1517405	1518712	1521813	1530236	1534948	1539708	1544551	1549271
6	1517145	1518543	1523079	1529263	1539445	1549079
8	1516485	1517846	1521495	1528525	1531492	1534031	1543634	1548381
10	1495024	1511173	1512021	1516144	1536715	1537986	1554743	1558495	1561097	1577352
10	1494926	1510932	1511719	1517576	1536416	1537908	1540056	1554502	1558235	1577090
10	1495094	1511089	1511916	1516104	1536616	1538397	1554634	1558425	1561120	1577283
10	1494809	1510966	1511765	1517614	1536463	1538250	1540159	1554558	1558251	1577102
9	1494165	1511062	1515233	1516944	1535757	1539409	1540710	1557549	1560211
8	1515289	1522845	1526481	1529443	1532956	1541112	1544980	1551912
6	1514901	1522605	1526180	1540760	1544653	1549096
8	1515132	1522674	1526351	1529329	1532754	1540905	1544787	1551820
6	1515012	1522706	1526252	1540929	1544817	1549178
7	1514284	1525518	1528519	1530441	1531940	1540123	1548424
9	1480791	1481684	1513976	1518527	1520566	1531464	1537239	1543272	1548538
8	1480200	1513650	1518215	1519076	1531189	1532757	1536949	1543147
9	1480558	1513690	1518402	1519306	1520500	1531337	1537126	1543273	1548522
7	1480394	1513902	1518295	1531264	1532786	1537017	1543115
8	1479687	1513005	1518451	1530511	1532063	1536281	1542404	1547618
5	1517127	1529892	1531122	1537208	1559208
5	1516900	1529637	1533855	1536965	1559219
5	1517055	1529795	1533927	1537089	1559237
5	1516920	1529677	1533916	1537049	1559131
4	1516197	1528948	1533130	1536280
10	1511785	1513011	1523875	1525193	1527694	1538251	1552465	1553295	1566482	1569777
9	1511474	1523591	1525127	1531351	1534099	1552225	1553091	1566297	1569582
10	1511665	1512975	1523772	1525234	1528245	1538157	1552426	1553245	1566489	1569745
9	1511552	1523644	1525166	1531388	1534168	1552210	1553122	1566239	1569558
5	1522920	1524432	1527448	1537321	1551531
6	1518860	1519983	1530592	1537170	1538581	1544505
6	1518499	1520316	1522385	1530350	1536710	1541596
6	1518647	1520063	1530465	1532706	1536921	1541778
5	1518677	1520442	1530433	1536824	1544292
7	1517872	1521743	1523365	1529658	1537640	1540946	1543561
5	1515811	1522399	1523747	1537849	1549184
7	1515556	1522095	1523478	1526520	1537683	1542836	1549010
5	1515742	1522248	1523635	1537827	1549105
7	1515573	1522202	1523561	1526549	1537663	1542914	1549043
5	1514874	1526588	1529632	1536958	1548286
6	1492591	1493830	1506140	1522373	1523952	1530901
5	1492321	1505813	1522043	1523726	1530621
6	1492526	1493743	1506046	1522249	1523876	1530753
5	1492324	1505855	1522125	1523757	1530713
3	1505159	1524442	1529945
7	1515481	1521085	1525216	1526967	1531922	1547873	1549081
7	1515215	1520938	1525063	1529257	1532819	1547650	1548789
7	1515387	1521055	1525180	1526948	1531875	1547795	1548981
7	1515262	1520939	1525063	1529264	1532799	1547673	1548826
5	1520182	1524331	1532093	1533264	1548120
6	1489521	1514918	1517615	1522719	1526022	1530701
6	1489181	1514571	1517291	1518226	1527537	1532027
4	1489325	1514722	1517476	1523313
6	1489340	1514721	1517381	1522466	1526645	1530486
5	1488540	1513934	1517565	1523785	1525879
11	1497013	1502374	1503510	1507815	1515117	1517181	1523323	1527976	1543368	1544346	1559403
7	1496752	1502150	1503227	1507532	1514862	1543232	1559268
11	1496903	1502413	1503371	1507701	1515042	1519960	1527949	1530399	1543362	1544260	1559420
10	1496808	1502075	1503330	1507582	1514875	1516958	1523125	1527719	1543177	1559203
8	1502522	1506851	1514148	1516239	1519085	1527047	1529519	1558520
9	1505573	1506685	1510422	1517729	1519039	1529443	1536267	1541266	1549099
9	1505254	1506307	1517377	1520565	1525335	1529986	1535982	1540965	1548830
10	1505443	1506466	1510332	1517615	1518940	1525508	1529344	1536134	1541152	1549000
7	1505336	1506376	1517450	1525356	1536062	1541007	1548879
11	1504601	1509478	1516744	1519202	1520751	1524647	1528484	1531241	1535311	1541575	1548150
9	1516906	1518347	1520773	1526717	1531189	1534629	1539822	1546150	1554831
8	1516743	1518086	1526520	1527863	1537131	1541950	1545990	1554616
8	1516880	1518315	1520820	1526669	1530352	1539776	1546142	1554825
8	1516724	1518077	1526518	1527924	1537144	1543178	1545949	1554571
9	1516016	1517421	1519901	1525803	1532242	1536385	1539638	1545251	1553904
7	1520459	1522636	1526611	1531606	1536069	1542549	1559268
7	1520165	1522299	1525663	1531333	1533682	1542367	1558948
7	1520362	1522488	1525797	1531476	1533729	1542520	1559138
6	1520213	1522399	1531400	1535966	1542345	1559026
7	1519501	1521660	1524975	1526927	1531540	1541650	1558294
7	1503748	1522742	1524228	1531409	1533534	1537821	1545135
6	1503484	1522364	1524033	1527698	1531196	1544956
7	1503665	1522553	1524149	1527832	1531310	1535711	1545049
7	1503518	1522505	1524006	1531253	1533407	1537678	1544999
8	1502804	1521734	1524017	1526987	1532603	1534472	1537429	1544239
10	1509616	1520130	1521381	1531650	1535945	1542808	1549219	1558415	1572332	1580332
11	1509187	1519857	1521913	1524606	1529577	1535664	1542526	1553094	1558207	1572109	1580138
13	1509374	1520027	1521349	1524801	1529723	1535800	1538694	1542671	1547544	1553195	1558338	1572273	1580223
9	1509383	1519910	1522071	1527158	1531373	1542613	1558223	1572114	1580203
12	1508588	1519178	1523973	1526370	1534999	1536353	1541857	1548272	1552436	1557491	1571402	1579423
7	1506854	1509594	1511520	1521484	1524958	1542791	1564765
6	1506612	1509407	1521225	1524833	1542545	1564580
7	1506702	1509520	1511548	1521450	1524922	1542670	1564851
4	1506721	1509427	1521225	1564450
5	1508686	1510656	1520525	1541858	1563861
6	1515956	1518578	1522046	1526756	1541687	1546375
7	1515580	1518270	1521774	1525297	1529052	1533755	1539360
7	1515746	1518433	1521899	1525474	1529189	1533856	1539533
8	1515750	1518369	1521878	1526474	1530898	1535765	1541596	1546196
8	1514948	1517616	1521105	1530124	1533151	1538709	1540789	1545351
15	1495248	1510095	1511236	1514397	1519978	1526968	1528429	1532698	1538548	1541833	1555155	1558040	1561259	1575299	1645251
13	1494992	1509739	1514066	1516188	1522143	1526752	1529837	1538344	1539577	1554925	1557736	1575064	1645113
14	1495153	1509950	1511217	1514243	1519934	1528391	1532626	1538479	1541672	1555060	1557886	1561188	1575251	1645199
13	1495032	1509836	1514187	1516181	1522124	1526723	1529901	1534534	1539596	1554969	1557832	1575051	1645112
16	1494303	1509106	1513420	1519380	1522047	1527888	1529170	1532159	1533322	1538873	1543674	1554227	1557070	1560317	1574359	1644371
5	1533076	1534714	1541614	1553191	1556572
6	1522080	1532724	1534420	1541271	1552853	1556292
6	1522208	1532868	1534580	1541384	1552995	1556419
6	1522181	1532894	1534531	1541459	1553004	1556404
4	1532091	1540629	1552212	1555621
9	1504785	1514782	1516931	1519025	1526778	1527978	1533287	1541284	1546734
9	1504538	1514589	1516678	1521811	1526564	1530731	1535127	1540807	1545009
9	1504694	1514730	1516856	1518895	1526774	1527999	1533266	1541165	1546664
9	1504580	1514587	1516711	1521747	1526577	1530757	1535100	1541053	1545059
8	1503851	1513870	1515974	1521103	1526466	1528083	1534417	1545788
7	1515005	1518833	1521130	1527785	1530719	1534897	1550782
7	1514672	1518541	1519794	1527531	1532944	1538412	1550329
8	1514804	1518734	1519960	1527652	1533084	1538534	1550531	1554065
7	1514861	1518588	1520935	1527626	1530478	1534663	1550543
6	1514016	1517872	1526846	1528572	1537737	1549736
10	1496455	1507015	1511424	1512718	1515420	1524736	1530009	1536932	1538848	1574822
6	1496112	1506780	1511134	1522201	1536688	1574618
11	1496286	1506930	1511320	1512640	1515325	1521305	1524642	1529951	1535282	1538769	1574737
6	1496239	1506806	1511184	1522214	1526468	1574647
9	1495472	1510461	1511839	1514496	1523796	1529478	1536002	1539363	1573902
8	1509406	1511482	1516433	1528189	1542373	1547195	1550813	1559847
11	1509120	1511055	1516022	1520931	1529023	1535686	1539417	1543534	1550482	1552616	1559469
9	1509293	1511242	1516223	1521105	1528118	1542212	1547006	1550633	1559619
8	1509185	1511258	1516196	1521079	1529157	1543591	1552791	1559643
13	1510461	1515423	1520303	1524345	1528342	1530470	1532645	1535745	1541425	1542809	1546226	1549828	1558837
14	1487173	1493886	1494711	1516557	1517916	1522611	1525109	1529780	1535731	1540985	1543270	1550392	1553653	1558143
11	1487213	1493779	1494668	1516338	1517733	1522463	1528180	1532799	1540842	1550185	1558035
13	1487304	1493943	1516538	1517838	1522618	1525067	1529724	1535677	1540952	1543159	1550353	1553598	1558243
11	1487029	1493677	1494432	1516309	1517734	1522431	1528127	1532774	1540823	1550170	1557886
10	1486380	1493028	1515633	1516998	1522947	1527419	1532059	1540100	1549478	1557282
8	1491020	1522019	1522828	1533557	1538159	1542507	1548107	1559924
9	1490734	1521649	1522532	1527012	1537894	1539164	1544622	1554140	1559716
8	1490962	1521896	1522739	1527245	1531713	1538083	1544770	1559847
9	1490744	1521718	1522570	1527991	1533313	1537922	1542309	1547901	1559732
10	1490050	1521019	1526360	1527635	1530830	1537219	1538403	1541604	1547161	1559627
9	1512375	1514566	1520787	1528264	1532646	1538896	1541400	1548362	1560635
9	1512132	1514464	1520636	1525574	1530062	1534579	1538725	1548159	1560407
9	1512346	1514687	1520817	1528226	1532533	1538846	1541416	1548243	1560632
9	1512111	1514289	1520561	1525548	1530003	1534513	1538725	1548212	1560364
9	1511442	1519902	1524842	1530417	1533840	1538000	1540499	1547440	1559713
8	1513132	1517350	1518542	1522591	1527921	1531774	1541387	1570498
8	1512749	1517027	1519194	1523712	1532919	1537660	1542703	1570206
8	1512956	1517206	1518337	1522520	1527780	1531726	1541261	1570382
8	1512882	1517138	1519279	1523752	1532971	1537718	1542792	1570272
8	1512130	1516302	1517528	1524090	1526969	1533080	1534896	1569540
6	1501931	1507556	1514661	1517848	1523727	1536972
6	1501689	1507254	1514510	1516046	1519311	1536835
7	1501873	1507415	1514662	1517223	1523604	1528406	1536922
6	1501694	1507345	1514470	1515995	1519314	1536812
7	1506597	1515329	1516911	1522752	1524393	1527511	1536083
7	1517322	1525032	1530858	1531695	1549121	1553831	1558222
9	1517010	1524681	1530528	1532598	1538582	1542711	1548795	1553495	1557886
8	1517154	1524856	1530679	1531543	1540788	1548966	1553638	1558008
9	1517126	1524808	1530660	1532739	1538634	1542814	1548899	1553650	1558064
9	1516354	1524038	1529879	1531900	1533713	1542018	1552858	1557230	1558882
4	1509174	1517469	1518842	1527034
4	1508906	1517323	1518634	1526757
4	1509067	1517455	1518807	1526954
5	1508974	1517283	1518627	1519910	1526770
4	1508227	1516578	1517951	1526076
9	1483396	1484169	1515091	1518436	1524397	1528448	1533328	1537428	1552844
9	1483168	1483881	1514815	1518165	1524079	1526738	1533033	1535148	1552609
9	1483294	1484050	1514983	1518331	1524292	1528396	1533197	1537454	1552794
9	1483204	1483948	1514875	1518219	1524127	1526786	1533103	1535231	1552605
6	1483218	1514144	1517486	1523424	1526148	1532364
7	1517353	1521513	1528548	1531144	1536513	1549676	1575426
8	1517181	1521286	1528377	1532554	1537964	1541823	1549458	1575227
8	1517369	1521429	1528525	1532728	1538155	1541979	1549569	1575379
7	1517117	1521336	1528348	1531007	1536385	1549504	1575219
8	1516455	1520595	1527652	1530233	1531889	1535610	1541118	1574509
7	1516296	1517651	1519965	1525168	1531096	1537596	1540448
5	1516076	1517487	1523340	1527034	1537341
6	1516202	1517621	1524992	1530945	1537507	1540312
4	1516125	1517442	1527104	1537381
7	1515365	1520867	1524182	1526367	1530136	1536658	1539481
8	1501252	1515398	1516543	1527841	1529454	1533060	1537700	1551220
6	1500993	1515225	1516221	1527589	1530874	1550879
8	1501138	1515371	1516403	1527745	1529339	1532961	1537539	1551173
6	1501061	1515208	1516310	1527629	1530909	1550875
5	1514482	1527219	1530138	1532133	1550236
6	1518887	1521558	1522784	1534796	1537031	1550743
6	1518630	1521247	1530866	1534506	1540131	1550405
5	1518772	1521409	1524617	1536926	1550537
6	1518692	1521357	1530976	1534637	1540220	1550565
7	1520583	1523825	1526027	1530424	1533841	1539460	1549764
8	1506119	1507383	1516754	1521971	1529440	1532203	1536250	1540696
8	1505915	1507308	1516476	1521838	1529113	1533429	1540456	1542232
8	1506089	1507283	1516649	1521937	1529323	1532122	1536220	1540603
8	1505890	1507174	1516525	1521827	1529166	1533444	1540486	1542293
8	1508758	1515803	1522313	1528463	1531258	1532754	1535348	1539765
7	1491697	1512962	1513858	1521709	1524006	1532962	1542378
7	1491442	1512578	1513611	1521499	1532693	1536772	1540927
8	1491605	1492822	1512858	1513749	1521681	1523962	1532839	1542281
7	1491485	1512648	1513679	1521489	1532759	1536805	1540969
8	1512938	1514581	1520800	1523098	1532012	1536049	1540234	1541440
8	1479131	1504786	1510241	1516302	1530691	1531890	1541135	1555721
10	1478830	1504477	1509915	1516099	1520679	1526058	1530441	1534404	1540901	1555396
8	1479026	1504662	1510189	1516281	1530612	1531859	1541091	1555619
10	1478891	1504551	1509914	1516065	1520743	1526043	1530454	1534491	1540897	1555458
5	1509266	1520039	1525362	1533743	1540207
9	1512886	1517265	1520197	1529773	1534297	1538972	1543281	1553735	1565757
8	1512583	1516947	1529489	1531849	1534801	1539731	1553400	1565487
8	1512709	1517107	1529654	1532003	1535537	1539893	1553600	1565629
7	1512722	1517072	1529558	1538810	1543020	1553488	1565558
9	1511917	1516303	1529375	1532004	1533334	1539068	1542316	1552757	1564797
7	1507696	1517522	1520100	1522610	1532135	1536814	1543515
6	1507392	1517331	1519925	1523897	1536553	1543205
7	1507607	1517477	1520030	1522605	1532007	1536823	1543436
6	1507436	1517330	1519934	1523912	1536480	1543248
9	1506734	1516615	1519203	1521760	1523208	1525970	1528725	1535851	1542553
9	1510506	1520328	1521315	1526632	1531830	1536313	1541557	1546562	1555586
9	1510258	1520103	1520975	1524184	1530110	1534148	1538950	1546172	1555338
10	1510355	1520172	1521175	1524393	1526528	1531706	1536167	1541361	1546357	1555466
8	1510379	1520226	1521070	1530186	1534250	1539080	1546321	1555401
9	1509556	1519404	1523516	1525677	1529425	1530916	1533475	1540583	1545551
8	1500205	1513873	1517284	1521036	1534063	1536635	1548051	1554122
9	1500081	1513639	1517059	1520674	1529406	1533756	1538929	1547779	1553965
8	1500200	1513777	1517216	1520938	1533942	1536552	1547988	1554069
9	1500034	1513685	1517081	1520742	1529374	1533833	1539013	1547790	1553962
8	1521242	1523597	1525795	1529640	1533103	1538287	1547104	1553229
5	1523271	1527588	1534815	1537532	1543138
5	1522938	1527367	1529772	1534551	1542788
5	1523122	1527504	1534666	1537336	1542941
5	1492188	1523030	1527392	1529769	1542949
5	1522292	1527359	1533871	1536563	1542155
10	1507149	1511087	1522776	1524720	1530115	1534229	1538662	1544605	1549498	1553670
10	1507033	1510861	1522598	1524520	1529861	1534091	1538490	1544266	1545441	1553390
9	1507114	1511016	1522726	1524664	1530048	1534229	1544572	1549375	1553642
10	1507014	1510878	1522594	1524527	1529879	1534045	1538459	1544255	1545442	1553360
10	1506281	1510164	1521875	1523811	1530081	1533351	1537758	1543623	1548526	1552711
8	1483813	1511448	1522349	1523350	1526956	1531796	1536089	1541929
5	1483484	1511177	1521967	1523119	1541626
8	1483619	1511338	1522116	1523283	1526774	1531646	1535945	1541743
5	1483636	1511237	1522152	1523116	1541767
8	1482838	1510499	1521343	1525947	1529055	1530810	1535159	1540963
11	1513645	1514947	1519878	1522848	1527903	1531922	1536519	1545425	1551337	1568395	1570612
10	1513423	1517399	1519665	1524636	1533236	1537964	1545180	1551150	1568127	1570398
11	1513586	1514845	1519850	1522345	1527871	1531842	1536364	1545398	1551296	1568301	1570597
10	1513431	1517424	1519626	1524615	1533207	1538098	1545165	1551138	1568165	1570359
9	1512719	1519208	1527003	1532503	1535573	1537333	1550429	1567447	1569685
8	1520761	1527879	1529807	1533980	1544125	1549347	1553099	3503449
10	1520520	1527639	1529536	1533715	1536420	1543906	1549010	1550390	1556407	3503107
8	1520663	1527781	1529701	1533979	1544023	1549198	1552955	3503229
8	1520567	1527691	1529586	1533727	1543950	1549107	1556496	3503289
11	1519829	1526950	1529470	1533005	1535755	1543200	1548362	1549721	1552134	1555704	3502468
11	1506489	1509312	1512605	1517167	1520103	1529952	1533918	1538393	1549491	1557953	1587029
11	1506276	1509190	1512272	1517001	1529865	1532257	1535631	1540513	1549363	1557746	1587003
11	1506434	1509316	1512510	1517217	1519958	1529936	1533854	1538251	1549457	1557911	1587059
11	1506278	1509110	1512315	1517054	1529824	1532304	1535679	1540475	1549349	1557734	1586918
10	1508386	1512153	1516667	1523536	1529088	1531545	1533646	1539803	1548618	1557034
12	1488747	1497290	1510194	1511206	1517537	1525634	1530575	1535019	1540975	1543903	1548530	1559608
11	1488341	1496919	1509778	1510614	1518540	1524063	1534807	1540699	1542268	1548228	1559319
12	1488492	1497069	1510044	1511143	1517424	1526176	1530472	1534925	1540809	1543817	1548424	1559486
10	1488555	1497100	1509884	1510862	1518584	1524096	1534845	1540825	1548275	1559391
9	1487736	1496291	1509178	1512398	1516587	1523369	1534104	1543236	1558649
6	1500079	1519475	1521105	1523746	1534447	7889985
6	1499907	1519176	1520916	1525341	1534260	7889719
6	1500039	1519354	1520813	1523685	1534440	7889635
6	1499896	1519250	1520922	1525188	1534228	7890030
5	1499181	1518505	1520205	1533544	7889044
6	1517298	1518301	1525105	1532143	1543454	1547918
7	1516913	1518062	1524770	1526005	1531843	1536809	1547605
5	1517067	1518251	1524975	1532023	1536926
7	1517107	1518040	1524852	1531917	1536894	1541505	1547704
7	1516294	1524129	1525355	1531182	1536107	1538263	1542494
11	1476556	1483647	1484453	1502950	1504002	1512914	1517527	1527791	1530253	1538989	1546225
12	1476512	1482986	1483864	1502665	1503832	1512587	1513398	1518152	1527596	1538760	1541840	1546101
10	1476506	1483430	1484414	1502949	1503967	1512728	1517421	1527710	1530352	1546229
13	1476510	1483153	1484599	1502616	1503817	1512725	1513424	1518073	1527620	1531782	1538825	1541907	1546062
8	1482506	1501994	1511936	1516595	1529576	1531071	1533289	1538063
5	1528694	1532189	1540302	1544381	1560583
5	1528376	1531791	1539983	1542599	1560202
6	1528529	1532040	1540107	1542734	1547158	1560361
5	1528488	1531919	1540128	1544188	1560382
6	1527729	1531160	1539325	1543411	1546329	1559579
12	1494448	1498227	1513692	1518904	1520672	1524154	1528615	1534741	1540421	1542813	1546885	1563830
10	1494142	1495551	1497946	1513467	1518587	1527077	1534491	1540194	1546595	1563714
11	1494360	1495821	1513641	1518756	1520734	1524051	1534664	1540347	1542723	1546778	1563794
10	1494187	1498064	1499231	1513470	1518685	1527113	1534522	1540249	1546655	1563704
9	1493478	1497277	1512770	1517931	1519861	1523258	1526402	1533790	1562962
8	1513732	1514480	1528702	1530244	1531693	1536869	1541359	1555983
7	1513373	1514086	1528429	1529973	1533947	1541162	1555651
7	1510943	1513568	1528624	1530113	1534103	1541262	1555853
8	1510880	1513490	1528455	1530050	1531595	1536674	1541211	1555732
6	1512739	1527750	1529288	1535905	1540453	1555006
11	1468830	1498436	1504546	1514375	1518399	1521002	1525156	1529763	1534712	1546612	1573215
11	1468528	1498164	1504287	1505810	1514402	1518196	1524191	1529679	1532655	1546320	1572869
11	1468712	1498401	1504479	1514486	1518298	1520954	1525128	1529729	1534625	1546503	1573071
11	1468596	1498150	1504303	1505710	1514235	1518241	1524150	1529672	1532568	1546385	1572972
6	1467871	1497489	1520099	1523416	1528917	1533772
8	1508617	1516051	1523300	1526621	1530818	1537877	1544233	1552248
9	1508282	1515688	1523033	1526605	1529643	1532787	1537626	1543960	1551863
8	1508434	1515897	1523203	1526510	1530762	1537749	1544101	1552092
8	1508422	1515801	1523081	1526674	1529720	1537718	1544047	1551974
7	1507638	1515062	1522343	1528988	1530520	1536944	1543285
9	1516939	1518503	1521525	1526742	1530169	1534723	1546828	1551055	1558598
7	1516887	1518478	1528124	1536423	1546594	1550874	1558289
9	1516956	1518542	1521214	1526702	1529988	1534664	1546729	1551022	1558444
7	1516818	1518408	1528161	1536443	1546646	1550849	1558387
8	1516098	1518051	1520464	1527450	1530871	1533821	1535703	1545897
6	1519479	1523161	1529411	1533991	1538865	1556132
7	1519281	1522827	1529095	1529975	1535333	1545057	1555896
6	1519420	1523097	1529277	1533912	1538788	1556088
7	1519290	1522846	1529177	1530251	1535156	1545095	1555896
5	1522183	1529530	1530852	1538495	1555205
10	1500596	1510654	1511810	1516654	1524232	1528472	1533262	1541549	1551205	1558243
11	1500167	1510350	1511971	1516374	1519294	1523966	1528212	1533087	1541330	1550923	1557976
11	1500395	1510581	1511737	1516552	1524108	1528390	1533184	1541472	1544429	1551059	1558129
10	1500318	1510380	1512211	1516429	1524029	1528251	1533118	1541361	1551030	1558054
10	1499565	1509691	1515702	1517432	1523278	1528496	1532297	1542004	1550251	1557295
10	1506744	1515769	1520560	1524156	1530944	1536236	1540207	1543694	1547488	1556954
9	1506458	1515483	1520377	1523910	1527792	1535877	1544973	1549637	1556633
10	1506652	1515669	1520510	1524038	1530820	1535995	1540064	1543528	1547306	1556795
9	1506499	1515527	1520377	1523988	1527808	1536072	1544758	1549764	1556752
10	1519649	1523187	1527123	1530010	1539231	1542737	1546513	1549005	1555988	1557554
7	1496892	1497617	1517689	1519377	1527693	1537571	1545375
7	1496717	1497460	1517408	1519135	1527512	1537388	1545100
7	1496824	1497564	1517593	1519269	1527619	1537489	1545301
7	1496738	1497794	1517453	1519202	1527537	1537399	1545121
6	1495992	1516737	1518440	1528128	1537073	1544413
8	1491388	1519008	1520061	1525753	1530830	1543256	1549527	1557706
9	1491100	1518611	1519667	1525395	1527007	1542972	1549177	1557405	1560706
8	1491254	1518770	1519865	1525577	1543077	1549304	1557551	1560923
8	1491183	1518803	1519817	1525527	1530663	1543104	1549350	1557514
8	1490432	1517997	1524763	1526263	1529871	1542299	1548538	1556745
8	1517096	1518516	1525720	1527947	1533912	1537445	1552812	1555589
7	1516915	1518318	1525409	1530924	1534841	1552547	1555446
8	1517092	1518456	1525625	1527859	1533856	1537445	1552756	1555555
7	1516869	1518319	1525531	1530978	1534795	1552548	1555401
5	1516194	1524768	1530210	1532983	1536566
11	1495346	1496156	1510288	1519943	1526962	1529628	1534873	1539386	1547287	1566073	4532546
13	1495058	1495779	1509992	1519654	1522164	1526712	1532288	1536822	1541678	1546986	1550006	1565715	4532456
10	1495261	1510163	1519807	1526899	1529378	1534794	1539312	1547155	1565901	4532470
13	1495094	1495924	1510070	1519747	1522237	1526717	1532296	1536850	1541737	1547066	1550026	1565837	4532489
8	1494391	1509327	1518988	1521515	1526023	1532163	1533989	1540942
10	1476269	1506832	1514149	1515343	1526008	1529229	1538755	1549624	1562993	1565989
13	1476146	1506875	1513853	1516746	1518309	1525826	1526611	1533507	1536993	1542182	1549359	1562647	1565771
10	1476210	1506735	1514022	1516839	1525969	1529233	1538751	1549515	1562889	1565927
12	1476160	1506920	1513934	1516874	1525807	1526638	1533540	1537075	1542199	1549412	1562704	1565800
12	1475397	1506039	1513193	1516068	1518254	1525107	1526446	1529740	1532800	1537754	1541477	1562006
8	1495937	1497170	1507169	1510351	1511686	1520982	1526135	1532497
6	1495662	1506853	1510034	1515642	1519716	1532206
8	1495785	1507008	1510210	1511549	1515795	1526001	1532330	1534253
8	1495767	1506968	1510129	1515727	1519796	1522833	1527209	1532306
7	1494988	1506198	1509356	1514976	1519073	1520859	1533455
9	1492600	1500492	1513506	1515215	1517878	1522632	1539903	1541122	1551510
9	1492363	1500658	1513260	1515325	1522347	1523802	1528881	1539642	1551209
9	1492479	1500689	1513448	1515085	1517852	1522520	1531821	1539829	1551387
7	1492447	1500407	1513386	1515079	1522392	1539659	1551278
6	1499760	1512901	1515163	1517217	1528475	1550544
8	1505786	1513147	1518099	1523744	1525659	1535164	1539761	1545540
9	1505576	1512819	1517792	1523384	1528147	1532335	1539418	1542344	1547775
8	1505696	1513053	1517997	1523692	1528187	1539678	1542516	1547901
9	1505623	1512868	1517839	1523412	1525804	1530658	1534921	1539453	1545381
9	1504870	1517130	1522720	1525099	1527442	1529934	1538778	1544626	1547091
9	1498570	1513302	1515891	1520540	1524693	1531230	1533907	1543283	1547159
9	1498393	1513129	1515646	1518107	1524430	1531109	1543051	1546896	1551441
10	1498552	1513231	1515825	1518216	1524566	1531222	1535374	1543227	1547049	1551558
8	1498359	1513158	1515653	1524487	1533700	1543061	1546945	1551420
8	1497669	1518177	1520080	1524841	1530414	1532979	1550705	1551874
8	1512165	1514797	1526453	1527176	1529952	1534559	1544425	1550292
5	1511811	1514346	1526077	1534289	1550012
7	1512007	1514506	1526272	1527032	1529824	1534396	1544233
6	1511920	1514591	1526256	1527049	1534391	1550095
6	1511179	1513763	1525415	1527698	1535225	1537008
9	1507408	1511573	1517632	1523333	1525494	1529723	1534893	1540506	1543721
7	1507158	1511202	1517441	1523101	1529475	1531918	1540261
9	1507365	1511440	1517517	1523214	1525385	1529599	1534758	1540414	1543624
7	1507159	1511295	1517628	1523169	1529553	1531938	1540302
8	1510581	1516801	1518676	1531197	1534209	1539567	1541260	1542763
7	1519323	1521975	1529584	1534766	1539203	1546129	1553649
6	1519025	1521725	1529320	1536683	1545842	1553327
7	1519150	1521848	1529429	1532084	1536793	1545951	1553491
7	1519155	1521813	1529423	1534591	1539025	1545977	1553437
6	1518363	1521042	1528638	1536033	1545175	1552673
9	1497410	1508393	1517015	1518015	1521928	1528246	1531656	1536153	1555562
9	1496993	1498171	1508184	1516725	1521780	1525084	1534068	1537783	1555515
10	1497087	1497898	1508308	1516938	1521921	1525242	1529659	1534175	1537991	1555633
9	1497275	1498095	1508218	1516753	1521727	1528064	1531448	1537809	1555398
9	1496388	1507479	1516062	1521046	1524363	1527360	1533969	1538176	1554724
9	1505628	1516091	1526770	1528268	1532147	1538484	1546510	1553788	1560918
11	1505259	1515715	1526417	1527977	1531859	1533831	1538190	1546276	1548091	1553469	1560664
9	1505399	1515928	1526587	1528127	1531961	1538366	1546426	1553625	1560818
10	1505445	1515829	1526555	1528057	1533887	1538255	1546301	1548202	1553577	1560709
8	1504630	1515091	1525771	1527322	1531190	1537526	1547426	1552812
7	1510643	1511955	1517936	1522815	1525380	1530197	1544632
5	1510363	1511577	1517768	1522573	1544415
7	1510521	1511859	1517887	1522732	1525310	1530074	1544585
5	1510439	1511643	1517764	1522610	1544414
5	1510972	1522334	1526319	1529269	1543712
10	1518711	1519986	1525891	1529357	1534170	1539108	1543147	1565454	1566578	1572013
9	1518445	1519681	1522185	1528425	1533891	1535944	1541599	1565135	1571949
8	1518572	1519854	1525719	1534013	1538988	1565309	1566457	1572029
10	1518546	1519804	1522106	1526991	1534002	1536050	1541687	1565227	1566538	1571882
9	1517764	1519032	1527776	1529863	1533222	1535281	1538199	1540864	1564478
9	1514787	1517543	1522580	1526513	1532877	1537319	1541757	1551538	1581541
9	1514615	1517413	1522361	1526245	1530254	1537111	1541514	1551371	1581318
8	1514782	1517566	1522535	1526430	1531698	1541618	1551455	1581386
7	1514567	1517342	1522350	1537118	1541599	1551401	1581423
6	1516668	1525571	1530976	1533239	1536405	1580614
9	1508267	1511480	1515688	1524933	1530445	1533036	1539562	1541978	1562987
8	1507873	1511157	1513387	1517678	1521003	1530127	1539247	1562611
7	1508066	1511307	1513527	1517839	1530279	1539428	1562773
9	1508027	1511275	1515458	1524716	1530252	1532811	1539331	1541772	1562783
9	1507256	1510505	1512710	1517047	1519016	1523977	1529460	1538592	1541011
7	1513669	1514887	1519802	1524765	1533431	1539804	1542907
8	1513342	1515971	1517162	1522198	1527211	1533176	1539694	1542709
7	1513525	1514880	1517371	1522382	1527355	1533328	1535640
7	1513443	1516045	1519579	1524565	1533223	1539669	1542703
6	1512682	1518897	1521548	1526498	1532490	1538937
0
0
0
0
0
07/19/2017 13:21:36	07/19/2017 13:27:25
