0
0
0
0
0
0
0
0
0
0
0
0
0
0
0
0
0
0
0
0
2	1203596	1227128
2	1203305	1226816
2	1203646	1227165
2	1203205	1226736
1	1202636
1	1217244
1	1217216
1	1216933
1	1217492
1	1216418
1	1218184
1	1217912
2	1218264	1219195
1	1217783
1	1217225
0
0
0
0
0
0
0
0
0
0
0
0
0
0
0
0
0
0
0
0
0
0
0
0
0
0
0
0
0
0
0
0
0
0
0
0
0
0
0
0
0
0
0
0
0
0
0
0
0
0
0
0
0
0
0
0
0
0
0
0
0
0
0
0
0
0
0
0
0
0
0
0
0
0
0
1	1189124
1	1188957
1	1189228
1	1188808
0
0
0
0
0
0
0
0
0
0
0
0
0
0
0
0
0
0
0
0
0
0
0
0
0
0
0
0
0
0
0
0
0
0
0
0
0
0
0
0
0
2	1199509	1210368
3	1199422	1210191	1211548
2	1199198	1210484
3	1199703	1210034	1210779
2	1198656	1209458
0
0
0
0
0
0
0
0
0
0
0
0
0
0
0
0
0
0
0
0
0
0
0
0
0
0
0
0
0
0
0
0
0
0
0
2	1210257	1211793
3	1210229	1211806	1213916
2	1209919	1211478
2	1210536	1212084
2	1209431	1210987
2	1210908	1213610
1	1210573
2	1210985	1213569
1	1210458
1	1209926
0
0
0
0
0
0
0
0
0
0
0
0
0
0
0
1	3598731
1	3598285
1	3598741
1	3598233
0
0
0
0
0
0
0
0
0
0
0
0
0
0
0
0
0
0
0
0
0
0
0
0
0
0
0
0
0
0
0
0
0
0
0
0
0
0
0
0
0
0
0
0
0
0
0
0
0
0
0
1	7344343
1	7343533
1	7343412
1	7344451
0
3	1207626	1208649	1217356
3	1207345	1208050	1216999
3	1207701	1208595	1217409
3	1207225	1208037	1216902
2	1206664	1216364
0
0
0
0
0
0
0
0
0
0
0
0
0
0
0
0
0
0
0
0
0
0
0
0
0
0
0
0
0
0
0
0
0
0
0
0
0
0
0
0
1	1228633
1	1228535
1	1228282
1	1228853
1	1227769
0
0
0
0
0
1	1228997
1	1229040
1	1228677
1	1229324
0
0
0
0
0
0
0
0
0
0
0
0
0
0
0
0
0
0
0
0
0
1	1202873
1	1202640
1	1202960
1	1202503
0
0
0
0
0
0
0
0
0
0
0
0
0
0
0
0
0
0
0
0
0
0
0
0
0
0
0
0
0
0
0
0
0
0
0
0
0
0
0
0
0
0
0
0
0
0
0
0
0
0
0
0
0
0
0
0
1	1225610
1	1225225
1	1225621
1	1225163
1	1224605
2	1224802	1225866
2	1224758	1225793
2	1224468	1225502
2	1225053	1226116
1	1223968
0
0
0
0
0
0
0
0
0
0
0
0
0
0
0
0
0
0
0
0
0
0
0
0
0
0
0
0
0
0
0
0
0
0
0
1	1212082
1	1211984
1	1211711
1	1212321
1	1211226
0
0
0
0
0
0
0
0
0
0
1	1219921
1	1219599
1	1219964
1	1219503
0
0
0
0
0
0
0
0
0
0
0
0
0
0
0
0
0
0
0
0
0
1	1211912
1	1211776
1	1211527
1	1212129
1	1211032
0
0
0
0
0
1	1197479
1	1197421
1	1197168
1	1197703
1	1196639
0
0
0
0
0
3	1229795	1230596	1234273
2	1229719	1230455
3	1229433	1230178	1233884
2	1230048	1234500
1	1228948
0
0
0
0
0
0
0
0
0
0
0
0
0
0
0
0
0
0
0
0
0
0
0
0
0
0
0
0
0
0
0
0
0
0
0
2	1209644	1212666
2	1209609	1212548
2	1209290	1212276
2	1209930	1212906
2	1208814	1211794
3	1183372	1216325	1217123
3	1183041	1215931	1216657
3	1183391	1216330	1217253
3	1182977	1215878	1216705
1	1215315
0
0
0
0
0
0
0
0
0
0
0
0
0
0
0
0
0
0
0
0
0
0
0
0
0
2	1226474	1227223
2	1226388	1227148
2	1226636	1227485
2	1226175	1226962
0
1	1214750
1	1214619
1	1214365
1	1214973
1	1213876
0
0
0
0
0
0
0
0
0
0
1	1225029
1	1224682
1	1225079
1	1224585
0
1	1205280
1	1205245
1	1204929
1	1205563
1	1204453
0
0
0
0
0
1	1211968
1	1211907
1	1211616
1	1212226
1	1211126
0
0
0
0
0
0
0
0
0
0
0
0
0
0
0
0
0
0
0
0
0
0
0
0
0
0
0
0
0
0
1	1233245
1	1232927
1	1233308
1	1232826
0
0
0
0
0
0
0
0
0
0
0
0
0
0
0
0
0
0
0
0
0
0
0
0
0
0
1	1201701
1	1201423
1	1201766
1	1201315
0
0
0
0
0
0
0
0
0
0
0
0
0
0
0
0
0
0
0
0
0
0
0
0
0
0
0
0
0
0
0
0
0
0
0
0
0
0
0
0
0
0
0
0
0
0
4	1201636	1202856	1215148	1216033
3	1201408	1202895	1214798
3	1201692	1202948	1215204
4	1201302	1202827	1214704	1215553
1	1214136
0
0
0
0
0
0
0
0
0
0
0
0
0
0
0
1	1219784
1	1219405
1	1219806
1	1219338
1	1218773
0
0
0
0
0
0
0
0
0
0
0
0
0
0
0
0
0
0
0
0
0
0
0
0
0
0
0
0
0
0
0
0
0
0
0
0
0
0
0
0
0
0
0
0
0
0
0
0
0
0
0
0
0
0
0
0
0
0
0
0
2	1209235	1210368
1	1208913
2	1209230	1210275
1	1208872
1	1208256
0
0
0
0
0
0
0
0
0
0
0
0
0
0
0
0
0
0
0
0
0
0
0
0
0
0
0
0
0
0
0
0
0
0
0
2	1240208	1241006
2	1240207	1241247
2	1239883	1240808
1	1240493
1	1239392
0
0
0
0
0
0
0
0
0
0
0
0
0
0
0
0
0
0
0
0
0
0
0
0
0
0
0
0
0
0
1	1220487
1	1220164
1	1220547
1	1220064
0
0
0
0
0
0
0
0
0
0
0
0
0
0
0
0
1	1206831
1	1206650
1	1206935
1	1206500
0
0
0
0
0
0
2	1208630	1209885
2	1208448	1209892
2	1208738	1209526
2	1208311	1209741
0
0
0
0
0
0
0
0
0
0
0
0
0
0
0
0
0
0
0
0
0
0
0
0
0
0
0
0
0
0
0
0
0
0
0
0
0
0
0
0
0
0
0
0
0
0
0
0
0
0
0
0
0
0
0
0
0
0
0
0
0
0
0
0
0
0
0
0
0
0
0
0
0
0
0
0
0
0
0
0
0
0
0
0
0
0
1	1209094
1	1208775
1	1209167
1	1208662
0
0
0
0
0
0
0
0
0
0
0
0
0
0
0
0
0
0
0
0
0
0
0
0
0
0
0
0
0
0
0
0
0
0
0
0
0
0
0
0
0
0
0
0
0
0
0
0
0
0
0
0
0
0
0
0
0
0
0
0
0
0
0
0
0
0
0
0
0
0
0
2	1203066	1204407
2	1203057	1204310
2	1202714	1203786
2	1203369	1204602
1	1202246
0
0
0
0
0
1	1227748
1	1227616
1	1227386
1	1227946
1	1226872
0
0
0
0
0
0
0
0
0
0
1	1220024
1	1219795
1	1220128
1	1219646
0
0
0
0
0
0
0
0
0
0
0
0
0
0
0
0
0
0
0
0
0
2	1200371	1203335
2	1200285	1203332
2	1200031	1202981
2	1200591	1203683
1	1199517
1	1225290
1	1224968
1	1225316
1	1224893
0
0
0
0
0
0
0
0
0
0
0
0
0
0
0
0
0
0
0
0
0
0
0
0
0
0
0
0
0
0
0
1	1213111
1	1212938
1	1212711
1	1213307
1	1212215
0
0
0
0
0
0
0
0
0
0
0
0
0
0
0
0
0
0
0
0
0
0
0
0
0
0
0
0
0
0
0
0
0
0
0
0
0
0
0
0
0
0
0
0
0
2	1215315	1216376
2	1215235	1216342
2	1214966	1216045
2	1215564	1216768
0
0
0
0
0
0
0
0
0
0
0
0
0
0
0
0
0
0
0
0
0
0
0
0
0
0
0
0
0
0
0
0
0
0
0
0
0
0
0
0
0
0
0
0
0
0
2	1188036	1194552
2	1188039	1194557
2	1187710	1194235
2	1188331	1194836
1	1193731
0
0
0
0
0
0
0
0
0
0
0
0
0
0
0
0
0
0
0
0
0
0
0
0
0
0
0
0
0
0
0
0
0
0
0
0
0
0
0
0
0
0
0
0
0
0
0
0
0
0
0
0
0
0
0
0
0
0
0
0
0
0
0
0
0
0
0
0
0
0
0
0
0
0
0
0
0
0
0
0
2	1206636	1209171
1	1206351
2	1206698	1209188
2	1206241	1208753
0
1	1217312
1	1217316
1	1216996
1	1217595
1	1216500
1	1204566
1	1204291
1	1204658
1	1204157
1	1203600
0
0
0
0
0
0
0
0
0
0
0
0
0
0
0
0
0
0
0
0
0
0
0
0
0
0
0
0
0
0
0
0
0
0
0
0
0
0
0
0
0
0
0
0
0
0
0
0
0
0
0
0
0
0
0
0
0
0
0
0
0
0
0
0
0
1	1205171
1	1204822
1	1205231
1	1204713
1	1204183
0
0
0
0
0
0
0
0
0
0
0
0
0
0
0
0
0
0
0
0
0
0
0
0
0
0
0
0
0
0
0
0
0
0
0
0
0
0
0
0
0
0
0
0
0
0
0
0
0
0
2	1220465	1221367
2	1220367	1221285
2	1220132	1221082
2	1220662	1221596
0
0
0
0
0
0
0
0
0
0
0
0
0
0
0
0
0
0
0
0
0
0
0
0
0
0
0
0
0
0
0
0
0
0
0
0
0
0
0
0
0
0
0
0
0
0
0
0
0
0
0
0
0
0
0
0
0
0
0
0
0
0
0
0
0
0
0
0
0
0
0
0
0
0
0
0
0
0
0
0
0
1	1201232
1	1200925
1	1201299
1	1200810
0
0
0
0
0
0
0
0
0
0
0
0
0
0
0
0
2	1208785	1213447
2	1208412	1213090
2	1208784	1213472
2	1208361	1213016
2	1207784	1212447
2	1223672	1224553
2	1223594	1224544
2	1223312	1224182
2	1223927	1225138
1	1222821
0
0
0
0
0
0
0
0
0
0
0
0
0
0
0
0
0
0
0
0
2	1211803	1218478
2	1211412	1218218
2	1211821	1218561
2	1211353	1218085
2	1210793	1217533
0
0
0
0
0
0
0
0
0
0
0
0
0
0
0
0
0
0
0
0
0
0
0
0
0
0
0
0
0
0
0
0
0
0
0
0
0
0
0
0
0
0
0
0
0
0
0
0
0
0
0
0
0
0
0
0
0
0
0
0
1	1226604
2	1226539	1227783
2	1226269	1227508
1	1226830
0
0
0
0
0
0
0
0
0
0
0
0
0
0
0
0
0
0
0
0
0
0
0
0
0
0
0
0
0
0
0
0
0
0
0
0
2	1194931	1195830
2	1194857	1197005
2	1194583	1195476
2	1195171	1196075
0
0
0
0
0
0
0
0
0
0
0
0
0
0
0
0
0
0
0
0
0
0
0
0
0
0
0
0
0
0
0
0
0
0
0
0
0
0
0
0
0
0
0
0
0
0
2	1210427	1211199
2	1210245	1211027
2	1210036	1210835
1	1210599
1	1209520
0
0
0
0
0
0
0
0
0
0
0
0
0
0
0
0
0
0
0
0
0
0
0
0
0
0
0
0
0
0
2	1208883	1214809
2	1208570	1214497
2	1208932	1214893
2	1208459	1214357
0
0
0
0
0
0
0
0
0
0
0
3	1206677	1208070	1220737
3	1206683	1207888	1220803
3	1206321	1207850	1220455
3	1207006	1208243	1221050
1	1219957
0
0
0
0
0
0
0
0
0
0
0
0
0
0
0
0
0
0
0
0
0
0
0
0
0
0
0
0
0
0
0
0
0
0
0
0
0
0
0
0
0
0
0
0
0
0
0
0
0
0
0
0
0
0
0
0
0
0
0
0
0
0
0
0
0
0
0
0
0
0
0
0
0
0
0
1	1213638
1	1213613
1	1213409
1	1213803
0
0
0
0
0
0
0
0
0
0
0
0
0
0
0
0
0
0
0
0
0
0
0
0
0
0
0
0
0
0
0
1	1216759
1	1216436
1	1216829
1	1216321
0
0
0
0
0
0
1	1206468
1	1206141
1	1206495
1	1206068
1	1205499
0
0
0
0
0
0
0
0
0
0
0
0
0
0
0
0
0
0
0
0
1	1210145
0
0
1	1210439
0
0
0
0
0
0
0
0
0
0
0
0
0
0
0
0
0
0
0
0
0
1	1208028
1	1207751
1	1208090
1	1207644
1	1207078
0
0
0
0
0
0
0
0
0
0
0
0
0
0
0
0
0
0
0
0
0
0
0
0
0
0
0
0
0
0
0
0
0
0
0
0
0
0
0
0
0
0
0
0
0
0
0
0
0
0
2	1209413	1210820
2	1209323	1210699
2	1209091	1210388
2	1209614	1211056
1	1208555
0
0
0
0
0
0
0
0
0
0
0
0
0
0
0
0
0
0
0
0
0
0
0
0
0
0
0
0
0
0
0
0
0
0
0
1	1231273
1	1231190
1	1230931
1	1231498
1	1230422
0
0
0
0
0
0
0
0
0
0
0
0
0
0
0
0
0
0
0
0
0
0
0
0
0
0
0
0
0
0
0
0
0
0
0
1	1221984
1	1221901
1	1221636
1	1222217
1	1221130
0
0
0
0
0
0
0
0
0
0
0
0
0
0
0
0
0
0
0
0
0
0
0
0
0
0
0
0
0
0
0
0
0
0
0
0
0
0
0
0
0
0
0
0
0
0
0
0
0
0
0
0
0
0
0
0
0
0
0
0
0
0
0
0
0
0
0
0
0
0
1	1215327
1	1215052
1	1215416
1	1214924
1	1214375
0
0
0
0
0
0
0
0
0
0
0
0
0
0
0
0
0
0
0
0
0
0
0
0
0
0
0
0
0
0
0
0
0
0
0
0
0
0
0
0
0
0
0
0
0
0
0
0
0
0
0
0
0
0
0
0
0
0
0
0
2	1192266	1193051
2	1192159	1192911
2	1191952	1192757
2	1192445	1193188
1	1191396
0
0
0
0
0
0
0
0
0
0
0
0
0
0
0
0
0
0
0
0
0
0
0
0
0
1	534267
2	533960	535342
1	533845
1	534343
1	533303
0
0
0
0
0
0
0
0
0
0
2	1213515	1217103
2	1213206	1216839
2	1213592	1217197
2	1213083	1216698
0
0
0
0
0
0
1	1221578
1	1221270
1	1221642
1	1221153
0
2	1223457	1224582
2	1223291	1224399
2	1223072	1224162
2	1223643	1224849
0
0
0
0
0
0
1	1208535
1	1208504
1	1208147
1	1208856
1	1207708
0
0
0
0
0
0
0
0
0
0
0
0
0
0
0
1	1219815
1	1219722
1	1219440
1	1220064
1	1218958
0
0
0
0
0
1	1212550
1	1212362
1	1212161
1	1212716
0
0
0
0
0
0
0
0
0
0
0
0
0
0
0
0
0
0
0
0
0
0
0
0
0
0
0
0
0
0
0
2	1225518	1226585
2	1225092	1226243
2	1225529	1226623
1	1226156
0
0
0
0
0
0
0
0
0
0
0
0
0
0
0
0
0
0
0
0
0
0
0
0
0
0
0
0
0
0
0
0
0
0
0
0
1	1225590
1	1225204
1	1225603
1	1225142
1	1224574
0
0
0
0
0
0
0
0
0
0
0
0
0
0
0
0
0
0
0
0
0
0
0
0
0
0
0
0
0
0
0
0
0
0
0
0
0
0
0
0
0
0
0
0
0
0
0
0
0
0
0
0
0
0
0
0
0
0
0
0
0
0
0
0
0
0
0
0
0
0
0
0
0
0
0
0
0
0
0
0
0
0
0
0
0
0
0
0
0
0
0
0
0
0
0
0
1	1726346
1	1726817
1	1726618
0
0
0
0
0
0
0
0
0
0
0
0
0
0
0
0
0
0
0
0
0
0
0
0
0
0
1	1197949
1	1197724
1	1198021
1	1197603
1	1197019
0
0
0
0
0
0
0
0
0
0
0
0
0
0
0
1	1201802
1	1201578
1	1201891
1	1201448
1	1200881
0
0
0
0
0
3	1199628	1203970	1206802
3	1199304	1203729	1206533
3	1199679	1204043	1206879
3	1199205	1203607	1206405
3	1198653	1203034	1205856
0
0
0
0
0
0
0
0
0
0
0
0
0
0
0
0
0
0
0
0
0
0
0
0
0
0
0
0
0
0
0
0
0
0
0
1	1215571
1	1215152
1	1215544
1	1215131
1	1214549
0
0
0
0
0
0
0
0
0
0
0
0
0
0
0
0
0
0
0
0
0
0
0
0
0
0
0
0
0
0
0
0
0
0
0
0
0
0
0
0
0
0
0
0
0
0
0
0
0
0
0
0
0
0
0
0
0
0
0
0
0
0
0
0
0
0
0
0
0
0
0
0
0
0
0
0
0
0
0
0
0
0
0
0
0
0
0
0
0
0
0
0
0
0
0
0
0
0
0
0
0
0
0
0
0
0
0
0
0
0
2	1198679	1199610
2	1198609	1199593
2	1198316	1199239
2	1198936	1199866
0
0
0
0
0
0
1	1208807
1	1208662
1	1208406
1	1209031
0
1	1200075
2	1199796	1201158
1	1200144
2	1199681	1201241
1	1199111
0
0
0
0
0
0
0
0
0
0
0
0
0
0
0
0
0
0
0
0
0
0
0
0
0
0
0
0
0
0
0
0
0
0
0
0
0
0
0
0
0
0
0
0
0
0
0
0
0
0
0
0
0
0
0
0
0
0
0
0
0
0
0
0
0
0
0
0
0
0
2	1233038	1234639
2	1232743	1234215
2	1233146	1234703
2	1232585	1234106
0
0
0
0
0
0
0
0
0
0
0
2	1222301	1224139
2	1221879	1223625
2	1222263	1224092
2	1221859	1223566
0
0
0
0
0
0
1	1207821
1	1207530
1	1207891
1	1207411
0
0
0
0
0
0
0
0
0
0
0
1	1212862
1	1212741
1	1212463
1	1213109
1	1211994
0
0
0
0
0
0
0
0
0
0
2	1229583	1232682
2	1229145	1232204
2	1229595	1232591
2	1229103	1232220
0
0
0
0
0
0
0
0
0
0
0
0
0
0
0
0
0
0
0
0
0
0
0
0
0
0
0
0
0
0
0
2	1217909	1219066
2	1217756	1218855
2	1217530	1218592
2	1218107	1219341
1	1217024
0
0
0
0
0
0
0
0
0
0
0
0
0
0
0
0
0
0
0
0
0
0
0
0
0
0
0
0
0
0
0
0
0
0
0
0
0
0
0
0
0
0
0
0
0
0
0
0
0
0
1	1206050
1	1205854
1	1206131
1	1205724
1	1205136
2	1211648	1217222
2	1211520	1217145
2	1211265	1216864
2	1211871	1217467
2	1210775	1216367
0
0
0
0
0
0
0
0
0
0
0
0
0
0
0
0
0
0
0
0
0
0
0
0
0
0
0
0
0
0
0
0
0
0
0
0
0
0
0
0
0
0
0
0
0
0
0
0
0
0
0
0
0
0
0
0
0
0
0
0
0
0
0
0
0
0
0
0
0
0
0
0
0
0
0
0
0
0
0
0
0
0
0
0
0
2	1209589	1210342
2	1209517	1210252
2	1209234	1209984
2	1209838	1210569
0
2	1208470	1209634
2	1208188	1209679
2	1208541	1209898
2	1208068	1209519
0
0
0
0
0
0
0
0
0
0
0
0
0
0
0
0
0
0
0
0
0
0
0
0
0
0
2	1204824	1206681
2	1204521	1206189
2	1204876	1205835
2	1204421	1206103
2	1203857	1205631
2	1210601	1221073
2	1210558	1220956
2	1210233	1220738
2	1210893	1221257
1	1209768
2	1206508	1231815
2	1206194	1231505
2	1206562	1231897
2	1206095	1231376
2	1205527	1230848
0
0
0
0
0
1	1217228
1	1216963
1	1217305
1	1216841
1	1216285
1	1213870
1	1214039
1	1213620
1	1214246
1	1213136
0
0
0
0
0
0
0
0
0
0
0
0
0
0
0
2	1202235	1203623
2	1202159	1203480
1	1201859
2	1202498	1203795
1	1201391
0
0
0
0
0
0
0
0
0
0
1	1200661
1	1200442
1	1200763
1	1200295
1	1199739
0
0
0
0
0
0
0
0
0
0
0
0
0
0
0
1	1197128
1	1196884
1	1197181
2	1196791	1198414
0
0
0
0
0
0
0
0
0
0
0
0
0
0
0
0
1	1203681
1	1203302
1	1203660
1	1203275
1	1202678
0
0
0
0
0
0
0
0
0
0
0
0
0
0
0
1	1236588
1	1236232
1	1236631
1	1236139
1	1235599
0
0
0
0
0
0
0
0
0
0
0
0
0
0
0
0
0
0
0
0
0
0
0
0
0
0
0
0
0
0
0
0
0
0
0
0
0
0
0
0
0
0
0
0
0
1	1201619
1	1201297
1	1201675
1	1201196
0
1	1210103
1	1210021
1	1209712
1	1210370
0
0
0
0
0
0
0
0
0
0
0
0
0
0
0
0
0
0
0
0
0
0
0
0
0
0
0
0
0
0
0
0
0
0
0
0
0
0
0
0
0
0
0
0
0
0
0
0
0
0
0
0
0
0
0
0
0
0
0
0
0
0
0
0
0
0
0
0
0
0
0
0
0
0
0
0
0
0
0
0
0
0
0
0
0
0
0
0
0
0
0
0
0
0
0
0
2	1213140	1239297
2	1213009	1239260
2	1212746	1238929
2	1213373	1239594
2	1212268	1238468
0
0
0
0
0
1	1202241
1	1202172
1	1201844
1	1202537
0
0
0
0
0
0
0
0
0
0
0
0
0
0
0
0
0
0
0
0
0
0
0
0
0
0
0
0
0
0
0
0
0
0
0
0
0
0
0
0
0
0
0
0
0
0
0
0
0
0
0
0
0
0
0
0
0
0
0
0
0
0
0
0
0
0
1	1201478
1	1201290
1	1201622
1	1201091
0
0
0
0
0
0
0
0
0
0
0
0
0
0
0
0
0
0
0
0
0
0
0
0
0
0
0
0
0
0
0
1	1201444
1	1201188
1	1201475
1	1201112
0
0
0
0
0
0
0
0
0
0
0
0
0
0
0
0
0
0
0
0
0
2	1224413	1225221
2	1224303	1225092
2	1224061	1224897
2	1224627	1225465
0
1	1202819
1	1202570
1	1202934
1	1202414
1	1201883
1	1198688
1	1198642
1	1198337
1	1198962
1	1197857
0
0
0
0
0
0
0
0
0
0
0
0
0
0
0
0
0
0
0
0
0
0
0
0
0
0
0
0
0
0
0
0
0
0
0
0
0
0
0
0
0
0
0
0
0
0
0
0
0
0
0
0
0
0
0
0
0
0
0
0
0
0
0
0
0
0
0
0
0
0
0
0
0
0
0
0
0
0
0
0
0
0
0
0
0
0
0
0
0
0
0
0
0
0
0
0
0
0
0
0
0
0
0
0
0
0
0
0
0
0
0
0
0
0
0
0
0
0
0
0
0
0
0
0
0
0
0
0
0
0
0
0
0
0
0
0
0
0
0
0
1	1200476
1	1200217
1	1200561
1	1200092
0
0
0
0
0
0
0
0
0
0
0
0
0
0
0
0
0
0
0
0
0
0
0
0
0
0
0
0
0
0
0
1	1206446
1	1206405
1	1206075
1	1206739
1	1205613
0
0
0
0
0
0
0
0
0
0
0
0
0
0
0
0
0
0
0
0
0
0
0
0
0
2	1215157	1215957
2	1215048	1215843
2	1214791	1215626
2	1215374	1216208
1	1214293
0
0
0
0
0
1	1202414
1	1202364
1	1202033
1	1202714
1	1201582
0
0
0
0
0
0
0
0
0
0
1	1212939
1	1212704
1	1213020
1	1212578
1	1212006
0
0
0
0
0
0
0
0
0
0
0
0
0
0
0
0
0
0
0
0
1	1208542
1	1208441
1	1208183
1	1208762
0
0
0
0
0
0
0
0
0
0
0
0
0
0
0
0
0
0
0
0
0
0
0
0
0
0
0
0
0
0
0
0
0
0
0
0
0
0
0
0
0
0
0
0
0
0
0
0
0
0
0
0
0
0
0
0
0
0
0
0
0
1	1211188
1	1210787
1	1211186
1	1210740
1	1210176
0
0
0
0
0
0
0
0
0
0
0
0
0
0
0
0
0
0
0
0
1	1210700
1	1210605
1	1210312
1	1210962
1	1209845
0
0
0
0
0
0
0
0
0
0
0
0
0
0
0
0
0
0
0
0
0
0
0
0
0
0
0
0
0
0
0
0
0
0
0
0
0
0
0
0
0
0
0
0
0
0
0
0
0
0
2	1201208	1206274
2	1200902	1205929
2	1201259	1206316
2	1200810	1205843
0
1	1217581
1	1217395
1	1217209
1	1217736
1	1216677
0
0
0
0
0
0
0
0
0
0
0
0
0
0
0
0
0
0
0
0
0
0
0
0
0
0
0
0
0
0
0
0
0
0
0
0
0
0
0
0
0
0
0
0
0
1	1206127
1	1205894
1	1205726
1	1206262
1	1205199
0
0
0
0
0
0
0
0
0
0
1	1226605
1	1226352
1	1226700
1	1226211
1	1225661
0
0
0
0
0
3	1205590	1206611	1220563
3	1205284	1206381	1220235
3	1205635	1206608	1220638
3	1205193	1206233	1220114
1	1219585
0
0
0
0
0
0
0
0
0
0
0
0
0
0
0
0
0
0
0
0
0
0
0
0
0
0
0
0
1	1217809
0
0
0
0
0
0
0
0
0
0
0
0
0
0
0
0
1	1213630
1	1213335
1	1213692
1	1213231
0
1	1213723
1	1213746
1	1213385
1	1214047
1	1212921
1	1201829
1	1201543
1	1201883
1	1201443
1	1200871
1	1254667
1	1254158
1	1254269
1	1254516
1	1253601
1	1211613
1	1211388
1	1211710
1	1211254
1	1210662
0
0
0
0
0
0
0
0
0
0
0
0
0
0
0
0
0
0
0
0
0
0
0
0
0
0
0
0
0
0
0
0
0
0
0
0
0
0
0
0
0
0
0
0
0
0
0
0
0
0
0
0
0
0
0
0
0
0
0
0
0
0
0
0
0
0
0
0
0
0
0
0
0
0
0
0
0
0
0
0
0
0
0
0
0
0
0
0
0
0
0
0
0
0
0
0
0
0
0
0
0
0
0
0
0
1	1152317
1	1152287
1	1152577
1	1151978
0
0
0
0
0
0
2	1200254	1201417
1	1199954
1	1200348
1	1199814
1	1199291
0
0
0
0
0
0
0
0
0
0
0
0
0
0
0
0
0
0
0
0
1	1235713
1	1235682
1	1235320
1	1236041
1	1234884
0
0
0
0
0
0
0
0
0
0
1	1199918
1	1199685
1	1199972
1	1199588
0
1	1205018
1	1204861
1	1204617
1	1205231
1	1204130
0
0
0
0
0
0
0
0
0
0
0
0
0
0
0
0
0
0
0
0
0
0
0
0
0
1	1219200
1	1219136
1	1218850
1	1219452
1	1218355
0
0
0
0
0
0
0
0
0
0
0
0
0
0
0
0
0
0
0
0
0
0
0
0
0
0
0
0
0
0
0
0
0
0
0
1	1212646
1	1212501
1	1212262
1	1212847
0
0
0
0
0
0
0
0
0
0
0
0
0
0
0
0
1	1212783
1	1212671
1	1212395
1	1213025
1	1211917
1	1205368
1	1204991
1	1205371
1	1204943
1	1204347
0
0
0
0
0
1	1209711
1	1209445
1	1209779
1	1209333
1	1208762
0
0
0
0
0
2	1216658	1217496
2	1216319	1217173
2	1216707	1217594
2	1216226	1217089
0
0
0
0
0
0
0
0
0
0
0
0
0
0
0
0
1	1203252
1	1202860
1	1203230
1	1202830
1	1202242
0
0
0
0
0
3	1201344	1202098	1214800
3	1201012	1214432	1215255
3	1201347	1202100	1214810
4	1200958	1201771	1214374	1215213
1	1200363
0
0
0
0
0
0
0
0
0
0
0
0
0
0
0
0
0
0
0
0
0
0
0
0
0
0
0
0
0
0
0
0
0
0
0
0
0
0
0
0
0
0
0
0
0
0
0
0
0
0
0
0
0
0
0
0
0
0
0
0
0
0
0
0
0
0
0
0
0
0
0
0
0
0
0
1	1224971
1	1224602
1	1225007
1	1224519
1	1223973
1	1203926
1	1203887
1	1203569
1	1204208
1	1203092
1	1207409
1	1207065
1	1207471
1	1206957
1	1206421
2	1202658	1203455
2	1202677	1203390
2	1202294	1203059
2	1203003	1203771
1	1201853
0
0
0
0
0
0
0
0
0
0
0
0
0
0
0
0
0
0
0
0
0
0
0
0
0
1	1212210
1	1212009
1	1212290
1	1211868
0
0
0
0
0
0
0
0
0
0
0
1	1221089
1	1220835
1	1221128
1	1220765
1	1220140
0
0
0
0
0
0
0
0
0
0
0
0
0
0
0
2	1213947	1216756
2	1213573	1216398
2	1213962	1216795
2	1213504	1216302
1	1215766
0
0
0
0
0
1	1218762
2	1218375	1219106
1	1218788
2	1218308	1219092
0
0
0
0
0
0
0
0
0
0
0
1	1170998
1	1170910
1	1170675
1	1171201
1	1170146
0
0
0
0
0
0
0
0
0
0
0
0
0
0
0
0
0
0
0
0
0
0
0
0
0
0
0
0
0
0
0
0
0
0
0
0
0
0
0
0
1	1208101
1	1207781
1	1208136
1	1207696
0
0
0
0
0
0
0
0
0
0
0
1	1132498
1	1132981
1	1132589
1	1132847
1	1131923
1	1208122
1	1207811
1	1208162
1	1207727
0
0
0
0
0
0
0
0
0
0
0
0
0
0
0
0
0
0
0
0
0
0
0
0
0
0
0
0
0
0
0
0
0
0
0
0
0
0
0
0
0
0
0
0
0
0
0
0
0
0
0
0
0
0
0
0
0
0
0
0
0
0
0
0
0
0
1	1202451
1	1202194
1	1202509
1	1202091
1	1201489
0
0
0
0
0
1	1202393
1	1202107
1	1202461
1	1202002
1	1201443
0
0
0
0
0
0
0
0
0
0
0
0
0
0
0
0
0
0
0
0
0
0
0
0
0
1	1217780
1	1217437
1	1217850
1	1217318
0
1	1221017
1	1220924
1	1220648
1	1221260
0
0
0
0
0
0
0
0
0
0
0
0
0
0
0
0
1	1214980
1	1214851
1	1214611
1	1215188
1	1214106
0
0
0
0
0
0
0
0
0
0
1	1206775
1	1206413
1	1206775
1	1206362
1	1205778
0
0
0
0
0
2	1211155	1218521
2	1210849	1218143
2	1211208	1218534
2	1210759	1218080
1	1217513
0
0
0
0
0
3	1204365	1215540	1216585
3	1204078	1215245	1216514
3	1204450	1215529	1216571
3	1203948	1215216	1216409
2	1203406	1214578
0
0
0
0
0
0
0
0
0
0
0
0
0
0
0
0
0
0
0
0
0
0
0
0
0
0
0
0
0
0
0
0
0
0
0
1	1198444
1	1198157
1	1198493
1	1198058
1	1197486
0
0
0
0
0
0
0
0
0
0
0
0
0
0
0
0
0
0
0
0
0
0
0
0
0
0
0
0
0
0
0
0
0
0
0
0
0
0
0
0
1	1184791
1	1184709
1	1184494
1	1184975
1	1183937
1	1226455
1	1226113
1	1226496
1	1226034
1	1225476
0
0
0
0
0
1	1223394
1	1223090
1	1223471
1	1222978
0
0
0
0
0
0
0
0
0
0
0
0
0
0
0
0
0
0
0
0
0
0
0
0
0
0
1	1209347
1	1208993
2	1209336	1210351
1	1208958
1	1208357
0
0
0
0
0
0
0
0
0
0
0
0
0
0
0
1	1233240
1	1232903
1	1233282
1	1232814
1	1232254
2	1230960	1232367
1	1230915
1	1230603
2	1231236	1232530
0
0
0
0
0
0
1	1207397
1	1207336
1	1207021
1	1207673
1	1206558
0
0
0
0
0
0
0
0
0
0
0
0
0
0
0
0
0
0
0
0
0
0
0
0
0
0
0
0
0
0
0
0
0
0
0
0
0
0
0
0
0
0
0
0
0
1	1209152
1	1209113
1	1208789
1	1209441
1	1208320
0
0
0
0
0
0
0
0
0
0
0
0
0
1	1206979
0
0
0
0
0
0
0
0
0
0
0
0
0
0
0
0
0
0
0
0
0
0
0
0
0
0
0
0
0
0
0
0
0
0
0
0
0
0
0
0
0
0
0
0
0
0
2	1219706	1220889
1	1219389
2	1219769	1220662
1	1219279
1	1218730
0
0
0
0
0
1	1210751
1	1210371
1	1210802
1	1210263
0
0
0
0
0
0
0
0
0
0
0
0
0
0
0
0
0
0
0
0
0
1	1237683
1	1237720
1	1237337
1	1238036
1	1236854
0
0
0
0
0
0
0
0
0
0
0
0
0
0
0
0
0
0
0
0
0
0
0
0
0
0
0
0
0
0
1	1214765
1	1214418
1	1214801
1	1214331
1	1213763
0
0
0
0
0
1	1199285
1	1199011
1	1199348
1	1198903
0
0
0
0
0
0
0
0
0
0
0
1	1210257
1	1210074
1	1209866
1	1210437
1	1209358
0
0
0
0
0
0
0
0
0
0
0
0
0
0
0
0
0
0
0
0
0
0
0
0
0
1	1234713
1	1234669
1	1234345
1	1234997
0
0
0
0
0
0
0
0
0
0
0
0
0
0
0
0
0
0
0
0
0
0
0
0
0
0
0
0
0
0
0
0
0
0
0
0
0
0
0
0
0
0
0
0
0
0
2	1192905	1210712
2	1192791	1210644
2	1192567	1210334
2	1193104	1210980
0
0
0
0
0
0
0
0
0
0
0
0
0
0
0
0
0
0
0
0
0
0
0
0
0
0
0
0
0
0
0
0
0
0
0
0
0
0
0
0
0
0
0
0
0
0
0
0
0
0
0
0
0
0
0
0
0
0
0
0
0
0
0
0
0
0
0
0
0
0
0
1	1213485
1	1213321
1	1213585
1	1213188
1	1212572
0
0
0
0
0
3	1210005	1226632	1227777
3	1209533	1226349	1227915
3	1209960	1226726	1228233
3	1209525	1226204	1227796
1	1208952
0
0
0
0
0
0
0
0
0
0
0
0
0
0
0
0
0
0
0
0
0
0
0
0
0
0
0
0
0
0
0
0
0
0
0
0
0
0
0
0
0
0
0
0
0
1	1215028
1	1214690
1	1215046
1	1214620
0
0
0
0
0
0
0
0
0
0
0
0
0
0
0
0
0
0
0
0
0
0
0
0
0
0
3	1209494	1211110	1213761
2	1209304	1210829
2	1209609	1211181
3	1209151	1210723	1213171
0
0
0
0
0
0
1	1211776
1	1211534
1	1211892
1	1211374
1	1210843
0
0
0
0
0
1	1222722
1	1222444
1	1222769
1	1222353
1	1221770
0
0
0
0
0
0
0
0
0
0
0
0
0
0
0
0
0
0
0
0
0
0
0
0
0
0
0
0
0
0
0
0
0
0
0
1	1209985
1	1209762
1	1210094
1	1209615
1	1209059
0
0
0
0
0
0
0
0
0
0
0
0
0
0
0
0
0
0
0
0
2	1198387	1199193
2	1198292	1199064
2	1198064	1198917
2	1198577	1199336
1	1197522
0
0
0
0
0
0
0
0
0
0
0
0
0
0
0
0
0
0
0
0
0
0
0
0
0
0
0
0
0
0
0
0
0
0
0
0
0
0
0
0
0
0
0
0
0
0
0
0
0
0
0
0
0
0
0
0
0
0
0
0
1	1204124
1	1203809
1	1204163
1	1203728
1	1203132
0
0
0
0
0
0
0
0
0
0
0
0
0
0
0
0
0
0
0
0
0
0
0
0
0
0
0
0
0
0
0
0
0
0
0
0
0
0
0
0
0
0
0
0
0
0
0
0
0
0
0
0
0
0
0
0
0
0
0
0
0
0
0
0
0
0
0
0
0
0
0
0
0
0
0
0
0
0
0
0
0
0
0
0
0
4	1196209	1209375	1227177	1233502
5	1195965	1209058	1210585	1226885	1233178
4	1196304	1209418	1227234	1233562
4	1195826	1208965	1226778	1233067
0
0
0
0
0
0
0
0
0
0
0
0
0
0
0
0
0
0
0
0
0
0
0
0
0
0
0
0
0
0
0
2	1221462	1222176
2	1221352	1222068
2	1221095	1223050
1	1221685
1	1220593
1	1202117
1	1201830
1	1202173
1	1201736
1	1201161
0
0
0
0
0
0
0
0
0
0
0
0
0
0
0
0
0
0
0
0
0
0
0
0
0
0
0
0
0
0
0
0
0
0
0
0
0
0
0
0
0
0
0
0
0
1	1221021
1	1220706
1	1221039
1	1220635
0
0
0
0
0
0
0
0
0
0
0
0
0
0
0
0
0
0
0
0
0
0
0
0
0
0
0
0
0
0
0
0
0
0
0
0
0
0
0
0
0
0
0
0
0
0
0
0
0
0
0
0
0
0
0
0
0
0
0
0
0
0
0
0
0
0
0
0
0
0
0
0
0
0
0
0
1	1215383
1	1215046
1	1215421
1	1214964
1	1214399
0
0
0
0
0
2	1201827	1210234
2	1201477	1209933
2	1201931	1210295
2	1201481	1209821
1	1209268
1	1205973
1	1205932
1	1205584
1	1206288
1	1205143
0
0
0
0
0
1	1223927
1	1223767
1	1223571
1	1224092
0
1	1230999
1	1230649
1	1231046
1	1230558
0
0
0
0
0
0
0
0
0
0
0
0
0
0
0
0
0
0
0
0
0
0
0
0
0
0
0
0
0
0
0
0
0
0
0
0
0
0
0
0
0
0
0
0
0
0
0
0
0
0
0
1	1215000
1	1214851
1	1214611
1	1215212
1	1214116
0
0
0
0
0
0
0
0
0
0
0
0
0
0
0
0
0
0
0
0
0
0
0
0
0
0
0
0
0
0
0
0
0
0
0
0
0
0
0
0
0
0
0
0
0
0
0
0
0
0
0
0
0
0
0
0
0
0
0
0
0
0
0
0
0
1	1217994
1	1217898
1	1217668
1	1218191
0
0
0
0
0
0
0
0
0
0
0
0
0
0
0
0
0
0
0
0
0
0
0
0
0
0
0
0
0
0
0
1	1214560
1	1214253
1	1214619
1	1214146
1	1213591
0
0
0
0
0
0
0
0
0
0
0
0
0
0
0
1	1222153
1	1221766
1	1222149
1	1221712
0
0
0
0
0
0
0
0
0
0
0
0
0
0
0
0
0
0
0
0
0
0
0
0
0
0
0
0
0
0
0
0
0
0
0
0
0
0
0
0
0
0
0
0
0
0
0
0
0
0
0
0
0
0
0
0
0
0
0
0
0
0
0
0
0
0
1	1232779
1	1232415
1	1232836
1	1232313
1	1231786
0
0
0
0
0
1	1207107
1	1206861
1	1207196
1	1206718
0
0
0
0
0
0
0
0
0
0
0
0
0
0
0
0
0
0
0
0
0
0
0
0
0
0
0
0
0
0
0
0
0
0
0
0
0
0
0
0
0
0
0
0
0
0
0
0
0
0
0
0
0
0
0
0
0
0
0
0
0
1	1226776
1	1226476
1	1226840
1	1226368
1	1225811
0
0
0
0
0
0
0
0
0
0
0
0
0
0
0
0
0
0
0
0
0
0
0
0
0
0
0
0
0
0
0
0
0
0
0
0
0
0
0
0
0
0
0
0
0
0
0
0
0
0
0
0
0
0
0
0
0
0
0
0
1	1228364
1	1228064
1	1228440
1	1227942
0
1	1218488
1	1218312
1	1218116
1	1218653
0
0
0
0
0
0
0
0
0
0
0
0
0
0
0
0
0
0
0
0
0
0
0
0
0
0
0
0
0
0
0
0
0
0
0
0
0
0
0
0
0
0
0
0
0
0
0
0
0
0
0
0
0
0
0
0
0
0
0
0
0
0
0
0
0
0
0
0
0
0
0
0
0
0
0
0
0
0
0
0
0
0
0
0
0
0
1	1228015
1	1227874
1	1227664
1	1228194
1	1227135
0
0
0
0
0
0
0
0
0
0
0
0
0
0
0
1	897700
1	897088
1	897668
1	897069
0
0
0
0
0
0
0
0
0
0
0
0
0
0
0
0
0
0
0
0
0
0
0
0
0
0
0
0
0
0
0
0
0
0
0
0
1	1229488
1	1229457
1	1229161
1	1229749
1	1228661
0
0
0
0
0
0
0
0
0
0
0
0
0
0
0
0
0
0
0
0
0
0
0
0
0
0
0
0
0
0
0
0
0
0
0
0
0
0
0
0
0
0
0
0
0
0
0
0
0
0
0
0
0
0
0
0
0
0
0
0
0
0
0
0
0
0
0
0
0
0
0
0
0
0
0
1	1218442
1	1218285
1	1218081
1	1218618
0
0
0
0
0
0
0
0
0
0
0
0
0
0
0
0
0
0
0
0
0
0
0
0
0
0
0
0
0
0
0
0
0
0
0
0
0
0
0
0
0
2	1203316	1204472
2	1202956	1204279
2	1203349	1204606
2	1202886	1204197
0
0
0
0
0
0
0
0
0
0
0
0
0
0
0
0
0
0
0
0
0
0
0
0
0
0
0
0
0
0
0
0
0
0
0
0
0
0
0
0
0
0
0
0
0
0
0
0
0
0
0
0
0
0
0
0
0
0
0
0
0
0
0
0
0
0
0
0
0
0
0
0
0
0
0
0
1	1207078
1	1206797
1	1207126
1	1206702
1	1206124
0
0
0
0
0
0
0
0
0
0
0
0
0
0
0
0
0
0
0
0
0
0
0
0
0
0
0
0
0
0
0
0
0
0
0
0
0
0
0
0
0
0
0
0
0
2	1204940	1219834
2	1204669	1219524
1	1204987
2	1204576	1219423
1	1203989
0
0
0
0
0
0
0
0
0
0
0
0
0
0
0
0
0
0
0
0
0
0
0
0
0
1	1213085
1	1212796
1	1213136
1	1212700
1	1212126
0
0
0
0
0
1	1202192
1	1201927
1	1202237
1	1201837
1	1201244
2	1183535	1184966
2	1183470	1184790
2	1183198	1184617
2	1183775	1185226
0
0
0
0
0
0
0
0
0
0
0
0
0
0
0
0
0
0
0
0
0
0
0
0
0
0
1	1197737
1	1197610
1	1197403
1	1197904
0
0
0
0
0
0
0
0
0
0
0
0
0
0
0
0
0
0
0
0
0
2	1175056	1176247
1	1174802
2	1175100	1176100
1	1174704
1	1174112
0
0
0
0
0
0
0
0
0
0
0
0
0
0
0
0
0
0
0
0
0
0
0
0
0
0
0
0
0
0
0
0
0
0
0
0
0
0
0
0
0
0
0
0
0
1	1203689
1	1203442
1	1203781
1	1203309
0
0
0
0
0
0
0
0
0
0
0
0
0
0
0
0
0
0
0
0
0
0
0
0
0
0
0
0
0
0
0
0
0
0
0
0
1	1226037
1	1225763
1	1226100
1	1225651
1	1225088
0
0
0
0
0
0
0
0
0
0
0
0
0
0
0
0
0
0
0
0
4	1221397	1222603	1233148	1234506
3	1221291	1222489	1233101
4	1221037	1222180	1232861	1234136
4	1221618	1222865	1233354	1234658
0
0
0
0
0
0
0
0
0
0
0
0
0
0
0
0
0
0
0
0
0
0
0
0
0
0
0
0
0
0
0
0
0
0
0
0
0
0
0
0
0
0
0
0
0
0
0
0
0
0
0
0
0
0
0
0
0
0
0
0
0
0
0
0
0
0
0
0
0
0
0
0
0
0
0
0
0
0
0
0
0
2	1224462	1225572
2	1224134	1225489
2	1224525	1225379
2	1224028	1225173
0
0
0
0
0
0
0
0
0
0
0
0
0
0
0
0
1	1209095
1	1208776
1	1209150
1	1208672
1	1208118
0
0
0
0
0
0
0
0
0
0
0
0
0
0
0
0
0
0
0
0
0
0
0
0
0
0
0
0
0
0
0
0
0
0
0
0
0
0
0
0
0
0
0
0
0
0
0
0
0
0
0
0
0
0
0
0
0
0
0
0
0
0
0
0
0
0
0
0
0
0
0
0
0
0
0
0
0
0
0
0
1	1219601
1	1219573
1	1219257
1	1219879
1	1218773
0
0
0
0
0
0
0
0
0
0
0
0
0
0
0
1	1210149
1	1210052
1	1209785
1	1210388
1	1209288
1	1220752
1	1220393
2	1220765	1221751
1	1220343
1	1219740
0
0
0
0
0
0
0
0
0
0
0
0
0
0
0
0
0
0
0
0
0
0
0
0
0
0
0
0
0
0
1	1205982
1	1205890
1	1205601
1	1206233
1	1205121
1	1206127
1	1205791
1	1206137
1	1205731
0
0
0
0
0
0
0
0
0
0
0
1	1201690
1	1201665
1	1201347
1	1201972
0
0
0
0
0
0
0
0
0
0
0
0
0
0
0
0
0
0
0
0
0
0
0
0
0
0
0
0
0
0
0
2	1212623	1213729
1	1212293
2	1212686	1213588
1	1212190
0
0
0
0
0
0
0
0
0
0
0
0
0
0
0
0
0
0
0
0
0
0
0
0
0
0
0
0
0
0
0
0
0
0
0
0
3	1202678	1205476	1213677
2	1202288	1213354
2	1202696	1213736
2	1202223	1213243
1	1212700
1	1200679
1	1200569
1	1200371
1	1200848
1	1199813
0
0
0
0
0
0
0
0
0
0
0
0
0
0
0
0
0
0
0
0
1	1200998
1	1200741
1	1201091
1	1200601
1	1200057
0
0
0
0
0
1	1202055
1	1201826
1	1202155
1	1201678
0
0
0
0
0
0
0
0
0
0
0
0
0
0
0
0
0
0
0
0
0
0
0
0
0
0
0
0
0
0
0
0
0
0
0
0
0
0
0
0
0
2	1209124	1210387
2	1209015	1210296
2	1209260	1210171
1	1208835
0
0
0
0
0
0
0
0
0
0
0
0
0
0
0
0
0
0
0
0
0
1	1209880
1	1209633
1	1209957
1	1209524
0
0
0
0
0
0
0
0
0
0
0
0
0
0
0
0
0
0
0
0
0
0
0
0
0
0
0
0
0
0
0
0
0
0
0
0
0
0
0
0
0
0
0
0
0
0
0
0
0
0
0
0
0
0
0
0
0
0
0
0
0
0
0
0
0
0
1	1232857
1	1232528
1	1232923
1	1232419
1	1231879
0
0
0
0
0
0
0
0
0
0
0
0
0
0
0
0
0
0
0
0
0
0
0
0
0
0
0
0
0
0
0
0
0
0
0
0
0
0
0
0
0
0
0
0
0
2	1211231	1212375
2	1210905	1211683
2	1211285	1212194
2	1210803	1211665
1	1210251
0
0
0
0
0
0
0
0
0
0
0
0
0
0
0
2	1212253	1213040
2	1211890	1212709
2	1212286	1213153
2	1211812	1212642
1	1211251
3	1208364	1220095	1223003
3	1208164	1220068	1223075
4	1207932	1219752	1222691	1223863
3	1208562	1220379	1223370
3	1207452	1219272	1222235
3	1198880	1204334	1206335
3	1198595	1204054	1205979
3	1198945	1204400	1206376
3	1198484	1203943	1205887
3	1197923	1203381	1205345
0
0
0
0
0
0
0
0
0
0
0
0
0
0
0
0
0
0
0
0
0
0
0
0
0
0
0
0
0
0
1	1228776
1	1228791
1	1228447
1	1229081
1	1227972
0
0
0
0
0
0
0
0
0
0
0
0
0
0
0
1	1209937
1	1209817
1	1209559
1	1210165
1	1209059
0
0
0
0
0
0
0
0
0
0
0
0
0
0
0
1	1222270
1	1222135
1	1221886
1	1222486
1	1221391
0
0
0
0
0
0
0
0
0
0
0
0
0
0
0
0
0
0
0
0
0
0
0
0
0
0
0
0
0
0
1	1214376
1	1214025
1	1214436
2	1213926	1214680
1	1213390
0
0
0
0
0
1	1171819
1	1171416
1	1171810
1	1171374
1	1170802
1	1183843
1	1183748
1	1183514
1	1184042
1	1182984
0
0
0
0
0
0
0
0
0
0
0
0
0
0
0
0
0
0
0
0
2	1201879	1209554
2	1201485	1209127
2	1201867	1209541
3	1201448	1209085	1209839
1	1208520
3	1194743	1200316	1201148
3	1194684	1200309	1201118
3	1194450	1199969	1200809
2	1194939	1200626
0
2	1201035	1206306
2	1200761	1205853
2	1201082	1206306
2	1200673	1205798
2	1200084	1205265
0
0
0
0
0
2	1192940	1205357
2	1192609	1205028
2	1192969	1205372
2	1192536	1204963
0
0
0
0
0
0
0
0
0
0
0
1	1205768
1	1205646
1	1205435
1	1205953
1	1204898
0
0
0
0
0
1	1207585
1	1207511
1	1207241
1	1207817
0
0
0
0
0
0
0
0
0
0
0
0
0
0
0
0
0
0
0
0
0
3	1202649	1203527	1215031
4	1202287	1203163	1214660	1215504
4	1202662	1203585	1215058	1217920
4	1202236	1203093	1214580	1215440
0
3	1198616	1199942	1213979
3	1198450	1199877	1213935
3	1198285	1199507	1213695
3	1198747	1200163	1214188
2	1197721	1213145
0
0
0
0
0
0
0
0
0
0
1	1210509
1	1210221
1	1210576
1	1210107
0
0
0
0
0
0
1	1214511
1	1214186
1	1214583
1	1214069
0
1	1212566
1	1212380
1	1212175
1	1212739
1	1211663
0
0
0
0
0
0
0
0
0
0
0
0
0
0
0
0
0
0
0
0
0
0
0
0
0
1	1210010
1	1209838
1	1209603
1	1210208
1	1209112
2	1206690	1207795
2	1206396	1207455
2	1206727	1207748
2	1206316	1207379
0
0
0
0
0
0
0
0
0
0
0
0
0
0
0
0
0
0
0
0
0
0
0
0
0
0
0
0
0
0
0
3	1190346	1191170	1210302
3	1190429	1191496	1210195
3	1190083	1190894	1209905
3	1190658	1191405	1210558
2	1189573	1209439
0
0
0
0
0
0
0
0
0
0
1	1206306
1	1205896
1	1206291
1	1205860
0
0
0
0
0
0
0
0
0
0
0
0
0
0
0
0
0
0
0
0
0
0
0
0
0
0
0
0
0
0
0
0
0
0
0
0
0
0
0
0
0
0
0
0
0
0
0
0
0
0
0
0
0
0
0
0
0
0
0
0
0
0
0
0
0
0
0
0
0
0
0
2	1218865	1219648
1	1218777
2	1218503	1219289
2	1219101	1220471
0
0
0
0
0
0
0
0
0
0
0
0
0
0
0
0
0
0
0
0
0
3	1202833	1212061	1213252
2	1202494	1211773
3	1202847	1212138	1213061
2	1202437	1211647
1	1211101
0
0
0
0
0
1	1222719
1	1222390
1	1222795
1	1222262
1	1221738
1	1207197
1	1207163
1	1206819
1	1207505
0
0
0
0
0
0
0
0
0
0
0
0
0
0
0
0
0
0
0
0
0
0
0
0
0
0
0
0
0
0
0
0
0
0
0
0
0
0
0
0
0
0
0
0
0
0
0
0
0
0
0
0
0
0
0
0
0
0
0
0
0
1	1224756
1	1224389
1	1224794
1	1224306
1	1223759
0
0
0
0
0
0
0
0
0
0
0
0
0
0
0
0
0
0
0
0
0
0
0
0
0
0
0
0
0
0
0
0
0
0
0
0
0
0
0
0
0
0
0
0
0
0
0
0
0
0
0
0
0
0
0
2	1214263	1215136
2	1213881	1214752
2	1214273	1215189
2	1213823	1214687
0
0
0
0
0
0
1	1196839
1	1196568
2	1196860	1197877
1	1196500
0
0
0
0
0
0
2	1195628	1201635
2	1195416	1201426
2	1195700	1201694
2	1195300	1201333
1	1194690
0
0
0
0
0
1	1217317
1	1216980
1	1217336
1	1216904
1	1216313
0
0
0
0
0
0
0
0
0
0
0
0
0
0
0
0
0
0
0
0
0
0
0
0
0
0
0
0
0
0
1	1285835
1	1286001
1	1286000
1	1285784
0
0
0
0
0
0
0
0
0
0
0
0
0
0
0
0
2	1210442	1211243
2	1210371	1211117
2	1210085	1210909
1	1210695
1	1209589
0
0
0
0
0
0
0
0
0
0
0
0
0
0
0
0
0
0
0
0
0
0
0
0
0
1	1198906
1	1198826
1	1198514
1	1199181
0
0
0
0
0
0
0
0
0
0
0
1	1204626
1	1204383
1	1204691
1	1204267
1	1203693
0
0
0
0
0
0
0
0
0
0
2	1216742	1217487
1	1216702
1	1216390
1	1217017
1	1215907
0
0
0
0
0
0
0
0
0
0
2	1208661	1213237
1	1208485
2	1208776	1209683
3	1208318	1209157	1212915
0
0
0
0
0
0
1	1222683
1	1222417
1	1222780
1	1222275
1	1221734
0
0
0
0
0
0
0
0
0
0
0
0
0
0
0
0
0
0
0
0
2	1208610	1212444
2	1208535	1212441
2	1208223	1212089
2	1208887	1212745
1	1207764
0
0
0
0
0
2	1215267	1216091
2	1215194	1215970
2	1214927	1215748
2	1215502	1216305
1	1214422
0
0
0
0
0
0
0
0
0
0
3	1204020	1206755	1207898
2	1203761	1206423
2	1204098	1206786
2	1203642	1206340
2	1203079	1205774
0
0
0
0
0
0
0
0
0
0
0
0
0
0
0
0
0
0
0
0
0
0
0
0
0
2	1213772	1230655
2	1213386	1230437
2	1213778	1230753
2	1213343	1230291
1	1212695
1	1233327
1	1233386
1	1232957
1	1233716
1	1232542
0
0
0
0
0
0
0
0
0
0
1	1200426
1	1200162
1	1200462
1	1200083
1	1199480
1	1207294
1	1207503
1	1207077
1	1207673
1	1206583
0
0
0
0
0
0
0
0
0
0
0
0
0
0
0
0
0
0
0
0
1	1196497
1	1196255
1	1196571
1	1196135
1	1195561
0
0
0
0
0
0
0
0
0
0
3	1209707	1210440	1220594
2	1209593	1220564
3	1209331	1210083	1220312
3	1209933	1210665	1220814
1	1219767
0
0
0
0
0
0
0
0
0
0
1	1212567
1	1212219
1	1212619
1	1212114
0
1	1210344
1	1210275
1	1210016
1	1210568
0
2	1211947	1213081
2	1211634	1213241
2	1211998	1212910
2	1211535	1213209
1	1210980
0
0
0
0
0
1	1218259
1	1217867
1	1218280
1	1217800
1	1217250
0
0
0
0
0
0
0
0
0
0
1	1216490
1	1216511
1	1216201
1	1216759
1	1215686
1	1203686
1	1203383
1	1203730
1	1203300
0
0
0
0
0
0
0
0
0
0
0
0
0
0
0
0
1	1212618
1	1212145
1	1212568
1	1212145
1	1211567
0
0
0
0
0
0
0
0
0
0
0
0
0
0
0
0
0
0
0
0
0
0
0
0
0
3	1204382	1223867	1224979
2	1204041	1223544
3	1204427	1223936	1224811
2	1203950	1223428
2	1203398	1222890
2	1203609	1204965
2	1203498	1204779
1	1203297
1	1203784
1	1202743
0
0
0
0
0
0
0
0
0
0
0
0
0
0
0
0
0
0
0
0
0
0
0
0
0
2	1198419	1220114
2	1198374	1220044
2	1198085	1219762
2	1198672	1220355
0
2	1214082	1217487
2	1213798	1215278
2	1214181	1215793
2	1213654	1215416
1	1216510
0
0
0
0
0
0
0
0
0
0
0
0
0
0
0
2	1213890	1214935
2	1213700	1214692
1	1213998
1	1213559
1	1212956
1	1217232
1	1217127
1	1216860
1	1217465
1	1216369
2	1225174	1226314
1	1224827
2	1225236	1226083
1	1224728
1	1224184
0
0
0
0
0
1	1202170
1	1201866
1	1202236
1	1201755
1	1201203
0
0
0
0
0
1	1215176
1	1214876
1	1215247
1	1214763
0
0
0
0
0
0
0
0
0
0
0
0
0
0
0
0
3	1188921	1221685	1222860
3	1188648	1221389	1222870
3	1188971	1221779	1222664
3	1188553	1221254	1222379
2	1187970	1220723
1	1209633
1	1209571
1	1209266
1	1209906
0
0
0
0
1	1216570
0
1	1223399
1	1222996
1	1223425
1	1222933
0
0
0
0
0
0
3	1220929	1222159	1224992
2	1220818	1222065
3	1220581	1221691	1224654
2	1221124	1222377
0
0
0
0
0
0
0
0
0
0
0
2	1197631	1205296
2	1197362	1204977
2	1197694	1205314
2	1197257	1204891
0
0
0
0
0
0
1	1203292
1	1203066
1	1203377
1	1202928
0
0
0
0
0
0
0
0
0
0
0
2	1195009	1196288
1	1194865
1	1194661
1	1195179
0
0
0
0
0
0
0
0
0
0
0
0
0
0
0
0
1	1213854
1	1213703
1	1213488
1	1214040
0
0
0
0
0
0
0
0
0
0
0
0
0
0
0
0
2	1211185	1212562
2	1211011	1212438
2	1210779	1212204
2	1211386	1212762
2	1210284	1211697
2	1205689	1206667
2	1205379	1206201
2	1205714	1206643
2	1205302	1206137
1	1204716
1	1211876
1	1211770
1	1211495
1	1212121
1	1211014
0
0
0
0
0
0
0
0
0
0
0
0
0
0
0
1	1214310
1	1214160
1	1213916
1	1214521
1	1213424
2	1208835	1209768
2	1208441	1209270
2	1208831	1209729
2	1208397	1209248
0
0
0
0
0
0
1	1217313
1	1216944
1	1217323
1	1216888
1	1216317
0
0
0
0
0
0
0
0
0
0
0
0
0
0
0
0
0
0
0
0
0
0
0
0
0
0
0
0
0
0
0
0
1	1192446
1	1193139
0
0
0
0
0
0
0
0
0
0
0
0
0
0
0
0
0
0
0
0
0
1	1227150
1	1226801
1	1227200
1	1226705
0
1	1203858
1	1203860
1	1203523
1	1204156
0
2	1202563	1207345
3	1202349	1203056	1207015
2	1202632	1207395
2	1202237	1206931
2	1201638	1206381
0
0
0
0
0
0
0
0
0
0
0
0
0
0
0
0
0
0
0
0
0
0
0
0
0
1	1208560
2	1208248	1208995
1	1208603
2	1208158	1208987
1	1207581
0
0
0
0
0
1	1228886
1	1228542
1	1228938
1	1228451
0
2	1165906	1231059
2	1165429	1231010
2	1165485	1230732
2	1165817	1231303
1	1230221
1	1216015
1	1215805
1	1216108
1	1215673
1	1215097
0
0
0
0
0
0
0
0
0
0
0
0
0
0
0
0
0
0
0
0
0
0
0
0
0
0
0
0
0
0
0
0
0
0
0
2	1196970	1197979
2	1196622	1197873
2	1196979	1197889
2	1196557	1197431
0
0
0
0
0
0
0
0
0
0
0
0
0
0
0
0
0
0
0
0
0
0
0
0
0
0
1	1192413
1	1192143
1	1192508
1	1192007
0
1	1201126
1	1201147
2	1200805	1201865
1	1201426
0
0
0
0
0
0
0
0
0
0
0
0
0
0
0
0
1	1219754
1	1219577
1	1219386
1	1219918
1	1218853
0
0
0
0
0
0
0
0
0
0
0
0
0
0
0
0
0
0
0
0
1	1215757
1	1215356
1	1215766
1	1215305
1	1214738
0
0
0
0
0
0
0
0
0
0
0
0
0
0
0
1	1225661
1	1225391
1	1225749
1	1225256
0
0
0
0
0
0
0
0
0
0
0
0
0
0
0
0
0
0
0
0
0
0
0
0
0
0
0
0
0
0
0
0
0
0
0
0
0
0
0
0
0
0
0
0
0
0
1	1200823
1	1200552
1	1200881
1	1200444
0
0
0
0
0
0
0
0
0
0
0
0
0
0
0
0
1	1203970
1	1203666
1	1204019
1	1203558
0
0
0
0
0
0
0
0
0
0
0
0
0
0
0
0
1	1225453
1	1225117
1	1225482
1	1225042
1	1224473
0
0
0
0
0
2	1201602	1202592
2	1201280	1202365
2	1201592	1205099
2	1201250	1202650
0
0
0
0
0
0
0
0
0
0
0
0
0
0
0
0
0
0
0
0
0
1	1202911
1	1202842
1	1202516
1	1203203
1	1202065
0
0
0
0
0
0
0
0
0
0
4	1207897	1209006	1217944	1218537
2	1207524	1217597
4	1207876	1208834	1217948	1218558
2	1207491	1217542
2	1206899	1216958
4	1211824	1212757	1215644	1221947
3	1211706	1212746	1221810
3	1211979	1212919	1221584
4	1211515	1212473	1215924	1222142
1	1214818
0
0
0
0
0
0
0
0
0
0
0
0
0
0
0
0
0
0
0
0
0
0
0
0
0
1	1215469
1	1215385
1	1215128
1	1215699
1	1214610
0
0
0
0
0
0
0
0
0
0
1	1207498
1	1207203
1	1207544
1	1207109
1	1206535
0
0
0
0
0
0
0
0
0
0
2	1217011	1220304
2	1216907	1220165
2	1216676	1219944
2	1217211	1220475
1	1216150
0
0
0
0
0
0
0
0
0
0
2	1209918	1218561
2	1209573	1218264
2	1209958	1218641
2	1209491	1218142
1	1217601
1	1210876
1	1210875
1	1210559
1	1211156
1	1210064
0
0
0
0
0
1	1212647
1	1212525
1	1212309
1	1212832
1	1211775
0
0
0
0
0
0
0
0
0
0
2	1199247	1224191
2	1198970	1223892
2	1199293	1224243
2	1198875	1223799
1	1223207
0
0
0
0
0
0
0
0
0
0
0
0
0
0
0
0
0
0
0
0
1	1199563
1	1199599
1	1199234
1	1199895
1	1198751
0
0
0
0
0
0
0
0
0
0
0
0
0
0
0
2	1213334	1216773
2	1213227	1216677
2	1212957	1216410
2	1213571	1217012
1	1212471
2	1232859	1233970
2	1232534	1233603
2	1232907	1233798
2	1232446	1233461
0
2	1197551	3360981
2	1197456	3361752
2	1197241	3361437
2	1197732	3361246
1	3360547
0
0
0
0
0
0
0
0
0
0
0
0
0
0
0
0
0
0
0
0
2	1198720	1200401
2	1198390	1200054
2	1198764	1200460
2	1198294	1199996
1	1197739
1	1200523
1	1200517
1	1200219
1	1200779
0
0
0
0
0
0
0
0
0
0
0
0
0
0
0
0
0
0
0
0
0
0
0
0
0
0
0
0
0
0
0
1	1219282
1	1218962
1	1219366
1	1218836
1	1218309
0
0
0
0
0
0
0
0
0
0
0
0
0
0
0
0
0
0
0
0
1	1193821
1	1193577
1	1193937
1	1193412
1	1192884
0
0
0
0
0
2	1213654	1214875
2	1213576	1214793
2	1213320	1214534
2	1213880	1215106
1	1212805
0
0
0
0
0
0
0
0
0
0
0
0
0
0
0
2	1206091	1210897
2	1206039	1210749
2	1205800	1210519
2	1206297	1211094
1	1205253
0
0
0
0
0
0
0
0
0
0
2	1204621	1205876
2	1204423	1205773
2	1204695	1205650
2	1204303	1205881
0
0
0
0
0
0
0
0
0
0
0
0
0
0
0
0
0
0
0
0
0
0
0
0
0
0
2	1208929	1210712
2	1208546	1210367
2	1208979	1210757
2	1208454	1210274
0
1	1214037
1	1213899
1	1213637
1	1214269
1	1213161
1	1197087
1	1196775
1	1197124
1	1196693
0
0
0
0
0
0
0
0
0
0
0
0
0
0
0
0
1	1224628
1	1224274
1	1224656
1	1224202
1	1223578
2	1210030	1212793
2	1210030	1212561
2	1209683	1212395
2	1210347	1212919
2	1209218	1211866
0
0
0
0
0
0
0
0
0
0
0
0
0
0
0
0
0
0
0
0
0
0
0
0
0
0
0
0
0
0
1	1208809
1	1208530
1	1208866
1	1208430
0
0
0
0
0
0
0
0
0
0
0
1	1232173
1	1232280
1	1231900
1	1232517
1	1231416
1	1215661
1	1215391
1	1215721
1	1215283
0
0
0
0
0
0
0
0
0
0
0
0
0
0
0
0
0
0
0
0
0
1	1213497
1	1213387
1	1213142
1	1213710
1	1212631
2	1208767	1213596
3	1208399	1213400	1214341
2	1208827	1213702
3	1208296	1213252	1214112
2	1207773	1212685
0
0
0
0
0
0
0
0
0
0
0
0
0
0
0
0
0
0
0
0
0
0
0
0
0
2	1201049	1205707
2	1200804	1205383
1	1205763
2	1200660	1205278
1	1204722
1	1208688
1	1208557
1	1208294
1	1208918
1	1207810
1	1206781
1	1206493
1	1206807
1	1206423
1	1205821
1	1208961
1	1208807
1	1208615
1	1209118
1	1208069
0
0
0
0
0
0
0
0
0
0
1	1216038
1	1215680
1	1216077
1	1215594
1	1215044
0
0
0
0
0
2	1202834	1203568
2	1202534	1203243
1	1202907
2	1202420	1203200
1	1201870
1	1209992
1	1209886
1	1209601
1	1210241
1	1209130
0
0
0
0
0
0
0
0
0
0
1	1211965
1	1211739
1	1212075
1	1211581
1	1211037
0
0
0
0
0
0
0
0
0
0
1	1201312
1	1201288
1	1200957
1	1201604
1	1200486
0
0
0
0
0
0
0
0
0
0
0
0
0
0
0
0
0
0
0
0
0
0
0
0
0
0
0
0
0
0
1	1205898
1	1205648
1	1205960
1	1205541
0
0
0
0
0
0
1	1202413
1	1202140
1	1202458
1	1202050
1	1201457
0
0
0
0
0
0
0
0
0
0
0
0
0
0
0
0
0
0
0
0
0
0
0
0
0
0
0
0
0
0
1	1237205
1	1237204
1	1236826
1	1237544
1	1236394
0
0
0
0
0
1	1206523
1	1206498
1	1206151
1	1206837
1	1205698
0
0
0
0
0
0
0
0
0
0
0
0
0
0
0
1	1191972
1	1191891
1	1191632
1	1192202
1	1191122
2	1204174	1207338
3	1203881	1207100	1211104
3	1204236	1207401	1211455
3	1203770	1206994	1210964
2	1203212	1206404
0
0
0
0
0
2	1204428	1205563
2	1204096	1205382
2	1204486	1205765
2	1204005	1205247
0
0
0
0
0
0
0
0
0
0
0
0
0
0
0
0
3	1219810	1220772	1223421
2	1219485	1220475
3	1219854	1220769	1223423
2	1219397	1220267
0
0
0
0
0
0
1	1225350
1	1225020
1	1225420
1	1224902
1	1224370
0
0
0
0
0
1	1217326
1	1217099
1	1217399
1	1216976
0
0
0
0
0
0
1	1205629
1	1205311
1	1205668
1	1205230
1	1204661
0
0
0
0
0
0
0
0
0
0
0
0
0
0
0
0
0
0
0
0
0
0
0
0
0
0
0
0
0
0
0
0
0
0
0
0
0
0
0
0
0
0
0
0
0
1	1207478
1	1207222
1	1207465
1	1207200
1	1206505
0
0
0
0
0
0
0
0
0
0
0
0
0
0
0
1	1207581
1	1207184
1	1207571
1	1207154
1	1206549
0
0
0
0
0
0
0
0
0
0
0
0
0
0
0
1	1220914
1	1220571
1	1220970
1	1220475
0
2	1208322	1209682
2	1208224	1209568
2	1208024	1209334
2	1208500	1209836
0
4	1209082	1210376	1220549	1222163
3	1208901	1210238	1220119
3	1209214	1210088	1220537
4	1208723	1210046	1220076	1221625
0
0
0
0
0
0
0
0
0
0
0
0
0
0
0
0
0
0
0
0
0
0
0
0
0
0
0
0
0
0
0
0
0
0
0
0
1	1211574
1	1211295
2	1211642	1212499
1	1211179
0
0
0
0
0
0
1	1206930
1	1206743
1	1207056
1	1206579
1	1206028
0
0
0
0
0
0
0
0
0
0
2	1209669	1214791
2	1209607	1214660
2	1209379	1214419
2	1209868	1215004
2	1208829	1213913
4	1198902	1200084	1206508	1215396
4	1198637	1199813	1206114	1215007
4	1198973	1199870	1206533	1215384
4	1198517	1199729	1206037	1214963
0
0
0
0
0
0
0
0
0
0
0
0
0
0
0
0
0
0
0
0
0
0
0
0
0
0
0
0
0
0
0
2	1214249	1215097
2	1214267	1215055
2	1213996	1214890
2	1214484	1215275
0
0
0
0
0
0
0
0
0
0
0
1	1223300
1	1223093
2	1223431	1224269
2	1222928	1223770
1	1222379
0
0
0
0
0
0
0
0
0
0
0
0
0
0
0
1	1217622
1	1217391
1	1217728
1	1217241
1	1216695
0
0
0
0
0
0
0
0
0
0
0
0
0
0
0
0
0
0
0
0
0
0
0
0
0
0
0
0
0
0
1	1206126
1	1206060
1	1205828
1	1206326
1	1205280
1	1218237
1	1217893
1	1218284
1	1217807
1	1217254
0
0
0
0
0
0
0
0
0
0
0
0
0
0
0
0
0
0
0
0
0
0
0
0
0
0
0
0
0
0
0
0
0
0
0
1	1201365
1	1201121
1	1201447
1	1200988
0
0
0
0
0
0
2	1193620	1194753
2	1193441	1194493
2	1193734	1194613
2	1193295	1194411
0
2	1218826	1231412
2	1218695	1231343
2	1218483	1231070
2	1218991	1231653
0
0
0
0
0
0
0
0
0
0
0
0
0
0
0
0
2	1212436	1239665
2	1212361	1239639
2	1212155	1239297
2	1212602	1239980
0
0
0
0
0
0
0
0
0
0
0
0
0
0
0
0
0
0
0
0
0
2	1207476	1208562
2	1207167	1207905
2	1207527	1208274
2	1207077	1208648
0
0
0
0
0
0
2	1210077	1211651
2	1209757	1211336
2	1210136	1211680
2	1209649	1211261
1	1210694
0
0
0
0
0
2	1197880	1200166
2	1197497	1199846
2	1197882	1200202
2	1197448	1199752
1	1196873
0
0
0
0
0
0
0
0
0
0
0
0
0
0
0
3	1217607	1219956	1225234
3	1217285	1219636	1224943
3	1217673	1220020	1225304
3	1217176	1219529	1224815
2	1216633	1218975
0
0
0
0
0
1	1227316
1	1226996
1	1227381
1	1226885
0
0
0
0
0
0
0
0
0
0
0
0
0
0
0
0
0
0
0
0
0
0
0
0
0
0
0
0
0
0
0
0
0
0
0
0
1	1208103
1	1207727
1	1208140
1	1207644
0
0
0
0
0
0
0
0
0
0
0
0
0
0
0
0
2	1217315	1218088
2	1216941	1217689
2	1217348	1218812
2	1216860	1217604
0
0
0
0
0
0
0
0
0
0
0
2	1190877	1194745
2	1190874	1194807
2	1190552	1194423
2	1191155	1195088
1	1193962
0
0
0
0
0
0
0
0
0
0
0
0
0
0
0
0
0
0
0
0
1	1214777
1	1214422
1	1214804
1	1214349
1	1213787
0
0
0
0
0
0
0
0
0
0
0
0
0
0
0
0
0
0
0
0
0
0
0
0
0
3	1203149	1219722	1220955
2	1202881	1219460
3	1203198	1219827	1220713
2	1202784	1219311
1	1218771
0
0
0
0
0
1	1215543
1	1215167
1	1215536
1	1215124
1	1214539
0
0
0
0
0
1	363323
1	362298
1	362750
1	362825
0
0
0
0
0
0
0
0
0
0
0
0
0
0
0
0
0
0
0
0
0
2	1216942	1238511
2	1216887	1238271
2	1216599	1238625
2	1217196	1238112
2	1216105	1237579
1	1216474
1	1216160
1	1216550
1	1216044
0
0
0
0
0
0
2	1201505	1214255
2	1201164	1213927
2	1201538	1214280
2	1201090	1213848
1	1213274
0
0
0
0
0
0
0
0
0
0
0
0
0
0
0
1	1225736
1	1225427
1	1225803
1	1225305
0
0
0
0
0
0
0
0
0
0
0
0
0
0
0
0
0
0
0
0
0
0
0
0
0
0
0
0
0
0
0
0
0
0
0
0
0
0
0
0
0
0
0
0
0
0
0
0
0
0
0
0
0
0
0
0
0
0
0
0
0
0
0
0
0
0
0
0
0
0
0
1	1181927
1	1181872
1	1181618
1	1182144
1	1181087
1	1218466
1	1218160
1	1218533
1	1218045
1	1217487
0
0
0
0
0
0
0
0
0
0
0
0
0
0
0
0
0
0
0
0
0
0
0
0
0
0
0
0
0
0
0
0
0
0
0
0
0
0
0
0
0
0
0
0
0
0
0
0
0
0
0
0
0
0
0
0
0
0
0
0
0
0
0
0
0
0
0
0
0
0
0
0
0
0
0
0
0
0
0
0
0
0
0
0
0
0
0
0
0
0
0
0
0
0
0
0
0
0
0
0
0
0
0
0
0
0
0
0
0
0
0
0
0
0
0
0
0
0
0
0
0
0
0
0
0
0
0
0
0
0
0
0
0
0
0
0
0
0
0
0
0
0
0
0
0
0
0
0
0
0
0
0
0
0
0
0
0
0
0
0
0
0
0
0
0
0
0
0
0
0
0
0
0
0
0
0
0
0
0
0
0
0
0
0
0
0
0
0
0
0
0
0
0
0
0
0
0
0
0
0
0
0
0
0
0
0
0
0
0
0
0
0
0
0
0
0
0
0
0
0
0
0
0
0
0
0
0
0
0
0
0
0
0
0
0
0
0
0
0
0
0
0
0
0
0
0
0
0
0
0
0
0
0
0
0
0
0
0
0
0
0
0
0
0
0
0
0
0
0
0
0
0
0
0
0
1	1205421
1	1205043
1	1205425
1	1204985
0
0
0
0
0
0
0
0
0
0
0
0
0
0
0
0
2	1200389	1201471
3	1200114	1201350	1203833
2	1200455	1201375
3	1199995	1200848	1203725
1	1203180
0
0
0
0
0
0
0
0
0
0
0
0
0
0
0
0
0
0
0
0
0
0
0
0
0
0
0
0
0
0
1	1286854
1	1286621
1	1286494
1	1286953
1	1285927
0
0
0
0
0
0
0
0
0
0
0
0
0
0
0
0
0
0
0
0
0
0
0
0
0
1	60054
1	59467
1	60180
1	59285
0
0
0
0
0
0
0
0
0
0
0
0
0
0
0
0
0
0
0
0
0
0
0
0
0
0
1	1200206
2	1200123	1200995
1	1199794
1	1200504
1	1199350
0
0
0
0
0
1	1223793
1	1223756
1	1223479
1	1224034
0
0
0
0
0
0
0
0
0
0
0
0
0
0
0
0
0
0
0
0
0
0
0
0
0
0
0
0
0
0
0
0
0
0
0
0
0
0
0
0
0
3	1201204	1209629	1221515
3	1200837	1209307	1221159
3	1201247	1209662	1221537
3	1200756	1209237	1221088
1	1208614
0
0
0
0
0
0
0
0
0
0
0
0
0
0
0
0
0
0
0
0
0
0
0
0
0
0
0
0
0
0
0
0
0
0
0
0
0
0
0
0
0
0
0
0
0
0
0
0
0
0
0
0
0
0
0
0
0
0
0
0
1	1210995
1	1210837
1	1210608
1	1211208
1	1210086
1	1202820
1	1202675
2	1202931	1203887
1	1202521
0
1	1215189
1	1215082
1	1214815
1	1215425
1	1214324
0
0
0
0
0
1	1193826
1	1193825
1	1193506
1	1194112
0
0
0
0
0
0
0
0
0
0
0
0
0
0
0
0
2	1210406	1225139
2	1210190	1225015
2	1210518	1224756
2	1210035	1225361
1	1209486
0
0
0
0
0
0
0
0
0
0
0
0
0
0
0
0
0
0
0
0
2	1193945	1199790
2	1193727	1199435
2	1193990	1199836
2	1193635	1199344
1	1198797
0
0
0
0
0
0
0
0
0
0
04/30/2018 01:35:32	04/30/2018 02:17:33
