0
0
0
0
0
0
0
0
0
0
0
0
0
0
0
1	1203889
1	1203900
1	1203845
1	1203897
0
0
0
0
0
0
0
0
0
0
0
0
0
0
0
0
1	1208534
1	1208692
1	1208519
1	1208661
0
0
0
0
0
0
0
0
0
0
0
0
0
0
0
0
0
0
0
0
0
0
0
0
0
0
0
0
0
0
0
1	1199851
1	1199991
1	1199847
1	1199949
1	1199106
0
0
0
0
0
0
0
0
0
0
1	1205091
0
0
0
0
0
0
0
0
0
0
0
0
0
0
0
0
0
0
0
0
0
0
0
0
0
0
0
0
0
0
0
0
0
0
0
0
0
0
0
0
0
0
0
0
0
0
0
0
0
0
0
0
0
0
0
0
0
0
0
0
0
0
0
0
0
0
0
0
0
0
0
0
0
0
1	3796632
1	3796088
1	3796789
1	3795878
0
0
0
0
0
0
0
0
0
0
0
0
0
0
0
0
0
0
0
0
0
0
0
0
0
0
0
0
0
0
0
0
0
0
0
0
0
0
0
0
0
0
0
0
0
0
0
0
0
0
0
0
0
0
0
0
1	1203451
1	1203419
1	1203391
1	1203439
0
0
0
0
0
0
0
0
0
0
0
0
0
0
0
0
0
0
0
0
0
0
0
0
0
0
1	1222824
1	1222810
1	1222739
1	1222851
1	1222000
0
0
0
0
0
0
0
0
0
0
0
0
0
0
0
1	1178858
1	1178735
1	1178703
1	1178848
0
0
0
0
0
0
0
0
0
0
0
2	1220493	1224564
2	1220525	1224654
2	1220441	1224586
2	1220530	1224581
1	1223792
0
0
0
0
0
0
0
0
0
0
0
0
0
0
0
0
0
0
0
0
0
0
0
0
0
2	1202760	1210840
2	1202755	1210859
2	1202707	1210742
2	1202761	1210909
1	1201941
1	1209261
1	1209301
1	1209208
1	1209323
0
0
0
0
0
0
0
0
0
0
0
0
0
0
0
0
0
0
0
0
0
1	1213949
1	1213915
1	1213815
1	1214009
1	1213117
0
0
0
0
0
1	1190111
1	1190145
1	1190024
1	1190188
1	1189311
0
0
0
0
0
1	1204554
1	1204592
1	1204490
1	1204613
1	1203752
0
0
0
0
0
1	1209640
1	1209693
1	1209613
1	1209685
0
0
0
0
0
0
2	1213506	1214839
2	1213520	1214750
2	1213485	1214688
2	1213493	1214704
1	1212691
0
0
0
0
0
0
0
0
0
0
0
0
0
0
0
1	1194111
1	1194070
1	1194000
1	1194140
0
1	1199556
1	1199545
1	1199499
1	1199553
0
0
0
0
0
0
0
0
0
0
0
0
0
0
0
0
2	1194945	1214474
2	1194895	1214439
1	1214359
2	1194929	1214507
0
1	1203154
1	1203196
1	1203131
1	1203175
0
0
0
0
0
0
0
0
0
0
0
0
0
0
0
0
1	1196231
1	1196177
1	1196138
1	1196224
1	1195393
0
0
0
0
0
0
0
0
0
0
0
0
0
0
0
0
0
0
0
0
0
0
0
0
0
0
0
0
0
0
0
0
0
0
0
0
0
0
0
0
0
0
0
0
0
0
0
0
0
0
3	1183608	1188235	1188983
2	1183669	1188306
3	1183576	1188200	1188925
2	1183659	1188292
0
1	1203463
1	1203371
1	1203333
1	1203463
0
0
0
0
0
0
0
0
0
0
0
0
0
0
0
0
0
0
0
0
0
0
0
0
0
0
2	1198096	1199611
2	1198151	1199314
2	1198032	1199548
2	1198170	1199184
1	1197312
0
0
0
0
0
0
0
0
0
0
1	1211577
1	1211533
1	1211499
1	1211569
1	1210736
0
0
0
0
0
0
0
0
0
0
0
0
0
0
0
0
0
0
0
0
0
0
0
0
0
0
0
0
0
0
1	1197686
1	1197766
1	1197630
1	1197770
0
2	1194640	1199514
2	1194555	1199490
2	1194516	1199451
2	1194634	1199516
0
0
0
0
0
0
0
0
0
0
0
0
0
0
0
0
0
0
0
0
0
0
0
0
0
0
0
0
0
0
0
0
0
0
0
0
0
0
0
0
0
0
0
0
0
0
0
0
0
0
0
0
0
0
0
0
0
0
0
0
0
0
0
0
0
0
2	1191820	1215374
2	1191852	1215442
2	1191775	1215327
2	1191857	1215440
0
0
0
0
0
0
0
0
0
0
0
0
0
0
0
0
0
0
0
0
0
0
0
0
0
0
0
0
0
0
0
0
0
0
0
0
0
0
0
0
0
1	1208335
1	1208337
1	1208290
1	1208338
1	1207521
0
0
0
0
0
0
0
0
0
0
0
0
0
0
0
0
0
0
0
0
0
0
0
0
0
0
0
0
0
0
0
0
0
0
0
0
0
0
0
0
0
0
0
0
0
0
0
0
0
0
0
0
0
0
0
0
0
0
0
0
0
0
0
0
0
0
0
0
0
0
1	1204427
1	1204496
1	1204358
1	1204516
1	1203644
0
0
0
0
0
1	1201366
1	1201314
1	1201266
1	1201369
0
0
0
0
0
0
1	1205345
1	1205240
1	1205207
1	1205335
0
0
0
0
0
0
0
0
0
0
0
0
0
0
0
0
1	1191316
1	1191330
1	1191259
1	1191339
1	1190499
0
0
0
0
0
0
0
0
0
0
1	1199908
1	1199898
1	1199852
1	1199900
0
2	1192507	1207354
2	1192554	1207362
2	1192409	1207274
2	1192607	1207399
2	1191718	1206544
0
0
0
0
0
0
0
0
0
0
1	1216813
1	1216789
1	1216746
1	1216802
0
0
0
0
0
0
0
0
0
0
0
0
0
0
0
0
0
0
0
0
0
2	1198027	1199447
2	1197978	1199303
2	1197857	1198717
2	1198105	1199018
0
0
0
0
0
0
1	1200265
1	1200304
1	1200202
1	1200324
0
0
0
0
0
0
0
0
0
0
0
0
0
0
0
0
0
0
0
0
0
0
0
0
0
0
0
0
0
0
0
0
0
0
0
0
0
0
0
0
0
0
0
0
0
0
0
0
0
0
0
1	1201272
1	1201213
1	1201187
1	1201257
1	1200417
0
0
0
0
0
1	1212509
1	1212496
1	1212436
1	1212517
1	1211683
0
0
0
0
0
1	1213817
1	1213821
1	1213796
1	1213787
0
0
0
0
0
0
0
0
0
0
0
0
0
0
0
0
0
0
0
0
0
0
0
0
0
0
0
0
0
0
0
0
0
0
0
0
1	1203815
1	1203895
1	1203751
1	1203910
1	1203037
0
0
0
0
0
0
0
0
0
0
0
0
0
0
0
0
0
0
0
0
1	1195107
1	1195163
1	1195083
1	1195136
0
0
0
0
0
0
0
0
0
0
0
0
0
0
0
0
1	1204022
1	1204043
1	1203944
1	1204077
1	1203219
1	1192588
1	1192631
1	1192546
1	1192628
1	1191794
0
0
0
0
0
1	1207373
1	1207380
1	1207359
1	1207339
0
0
0
0
0
0
0
0
0
0
0
0
0
0
0
0
1	1200590
1	1200641
1	1200518
1	1200663
1	1199800
1	1208123
1	1208112
1	1208021
1	1208169
0
0
0
0
0
0
0
0
0
0
0
0
0
0
0
0
0
0
0
0
0
0
0
0
0
0
0
0
0
0
0
0
0
0
0
0
0
0
0
0
0
0
0
0
0
0
0
0
0
0
0
0
0
0
0
0
0
0
0
0
0
0
0
0
0
0
0
0
0
0
0
1	1187560
1	1187653
1	1187501
1	1187661
0
0
0
0
0
0
0
0
0
0
0
0
0
0
0
0
1	1210994
1	1211030
1	1210952
1	1211023
1	1210195
2	1192251	1195141
2	1192219	1195158
2	1192185	1195091
2	1192239	1195159
1	1194337
0
0
0
0
0
0
0
0
0
0
0
0
0
0
0
0
0
0
0
0
0
0
0
0
0
0
0
0
0
0
1	1195374
1	1195468
1	1195362
1	1195434
0
0
0
0
0
0
0
0
0
0
0
1	1195355
1	1195388
1	1195263
1	1195429
1	1194555
0
0
0
0
0
0
0
0
0
0
1	1207083
1	1207031
1	1206990
1	1207069
0
1	1219628
1	1219594
1	1219566
1	1219611
1	1218793
0
0
0
0
0
0
0
0
0
0
0
0
0
0
0
0
0
0
0
0
0
0
0
0
0
0
0
0
0
0
0
0
0
0
0
0
0
0
0
0
1	1205503
1	1205585
1	1205414
1	1205630
0
0
0
0
0
0
2	1212962	1213662
2	1212995	1214136
2	1212910	1214390
1	1213002
1	1212156
1	1196892
1	1196941
1	1196855
1	1196926
1	1196098
2	1190915	1199588
2	1190911	1199619
2	1190844	1199583
2	1190932	1199572
1	1198788
0
0
0
0
0
1	1194678
1	1194739
1	1194629
1	1194744
1	1193892
0
0
0
0
0
1	1196604
1	1196555
1	1196472
1	1196645
1	1195753
2	1196737	1201342
2	1196698	1201321
2	1196659	1201268
2	1196733	1201355
1	1200509
0
0
0
0
0
0
0
0
0
0
0
0
0
0
0
1	1197312
1	1197359
1	1197249
1	1197362
0
0
0
0
0
0
0
0
0
0
0
0
0
0
0
0
0
0
0
0
0
0
0
0
0
0
0
0
0
0
0
1	1208349
1	1208354
1	1208346
1	1208306
1	1207538
0
0
0
0
0
0
0
0
0
0
1	1230183
1	1230254
1	1230139
1	1230250
1	1229402
1	1193745
1	1193703
1	1193623
1	1193784
0
0
0
0
0
0
0
0
0
0
0
0
0
0
0
0
0
0
0
0
0
0
0
0
0
0
0
0
0
0
0
0
0
0
0
0
0
0
0
0
0
0
0
0
0
0
0
0
0
0
0
0
0
0
0
0
1	1198159
1	1198213
1	1198107
1	1198217
0
0
0
0
0
0
0
0
0
0
0
0
0
0
0
0
0
0
0
0
0
1	1195661
1	1195739
1	1195611
1	1195740
1	1194875
0
0
0
0
0
0
0
0
0
0
0
0
0
0
0
1	1200448
1	1200626
1	1200533
1	1200498
0
1	1205771
1	1205855
1	1205723
1	1205857
0
0
0
0
0
0
0
0
0
0
0
2	1205844	1217224
1	1205864
1	1205791
1	1205868
1	1205041
1	1189967
1	1189889
1	1189908
1	1189911
0
0
0
0
0
0
0
0
0
0
0
0
0
0
0
0
0
0
0
0
0
0
0
0
0
0
0
0
0
0
0
0
0
0
0
0
1	1197830
1	1197797
1	1197748
1	1197825
0
0
0
0
0
0
1	1207919
1	1207920
1	1207871
1	1207920
0
0
0
0
0
0
0
0
0
0
0
0
0
0
0
0
0
0
0
0
0
0
0
0
0
0
0
0
0
0
0
0
0
0
0
0
0
0
0
0
0
0
0
0
0
0
1	1202043
1	1202044
1	1202006
1	1202037
1	1201197
3	1181460	1201419	1209167
4	1181476	1182666	1201479	1209266
3	1181403	1201416	1209171
4	1181490	1182643	1201431	1209210
1	1208399
0
0
0
0
0
0
0
0
0
0
0
0
0
0
0
1	1200182
1	1200141
1	1200079
1	1200204
1	1199348
0
0
0
0
0
1	1203102
1	1202916
1	1203022
1	1202952
1	1202197
0
0
0
0
0
0
0
0
0
0
0
0
0
0
0
0
0
0
0
0
1	1211757
1	1211774
1	1211702
1	1211784
0
0
0
0
0
0
2	1213002	1225443
2	1213028	1225462
2	1212992	1225402
2	1212986	1225451
1	1212198
0
0
0
0
0
0
0
0
0
0
0
0
0
0
0
0
0
0
0
0
1	1200128
1	1200123
1	1200078
1	1200122
1	1199311
0
0
0
0
0
0
0
0
0
0
0
0
0
0
0
0
0
0
0
0
0
0
0
0
0
0
0
0
0
0
0
0
0
0
0
0
0
0
0
0
0
0
0
0
0
0
0
0
0
0
0
0
0
0
0
0
0
0
0
0
0
0
0
0
0
0
0
0
0
0
0
0
0
0
0
0
0
0
0
0
1	1196819
1	1196904
1	1196757
1	1196914
0
0
0
0
0
0
1	1206320
1	1206308
1	1206249
1	1206333
1	1205491
0
0
0
0
0
0
0
0
0
0
0
0
0
0
0
0
0
0
0
0
0
0
0
0
0
0
0
0
0
0
0
0
0
0
0
2	1204808	1216208
2	1204811	1216193
2	1204712	1216131
2	1204851	1216235
0
0
0
0
0
0
0
0
0
0
0
3	1198172	1207021	1209691
3	1198200	1206880	1209643
3	1198164	1206843	1209573
3	1198157	1207018	1209713
1	1208850
0
0
0
0
0
1	1202199
1	1202153
1	1202144
1	1202162
0
0
0
0
0
0
0
0
0
0
0
0
0
0
0
0
0
0
0
0
0
0
0
0
0
0
0
0
0
0
0
1	6942740
1	6941544
1	6941907
1	6942351
0
0
0
0
0
0
0
0
0
0
0
0
0
0
0
0
0
0
0
0
0
1	1199961
1	1199983
1	1199907
1	1199988
1	1199157
0
0
0
0
0
0
0
0
0
0
0
0
0
0
0
0
0
0
0
0
0
0
0
0
0
1	1205468
1	1205476
1	1205397
1	1205502
0
0
0
0
0
0
0
0
0
0
0
2	1207369	1209638
2	1207348	1209658
2	1207311	1209581
2	1207350	1209669
2	1206540	1208834
0
0
0
0
0
0
0
0
0
0
1	1212033
1	1212154
1	1212048
1	1212093
1	1211278
1	1194581
1	1194635
1	1194532
1	1194628
0
0
0
0
0
0
0
0
0
0
0
1	1199980
1	1199944
1	1199951
1	1199927
0
0
0
0
0
0
1	1218861
1	1218898
1	1218810
1	1218905
0
0
0
0
0
0
0
0
0
0
0
0
0
0
0
0
0
0
0
0
0
0
0
0
0
0
0
0
0
0
0
0
0
0
0
0
0
0
0
0
0
0
0
0
0
0
0
0
0
0
0
0
0
0
0
0
0
0
0
0
0
0
0
0
0
0
0
0
0
0
0
0
0
0
0
0
0
0
0
0
0
0
0
0
0
0
0
0
0
0
0
1	1195632
1	1195676
1	1195597
1	1195662
1	1194835
0
0
0
0
0
0
0
0
0
0
0
0
0
0
0
0
0
0
0
0
1	1205225
1	1205240
1	1205132
1	1205276
0
0
0
0
0
0
2	1188414	1199103
2	1188441	1199110
2	1188342	1199016
2	1188474	1199155
1	1187560
0
0
0
0
0
0
0
0
0
0
0
0
0
0
0
0
0
0
0
0
0
0
0
0
0
0
0
0
0
0
1	1215125
1	1215040
1	1215020
1	1215100
0
0
0
0
0
0
1	1201029
1	1200992
1	1200884
1	1201094
1	1200153
0
0
0
0
0
0
0
0
0
0
0
0
0
0
0
3	1143292	1144030	1195958
3	1143353	1144423	1195985
3	1143180	1143921	1195925
3	1143424	1144412	1195978
0
0
0
0
0
0
0
0
0
0
0
0
0
0
0
0
0
0
0
0
0
1	1200249
1	1200187
1	1200092
1	1200306
1	1199394
0
0
0
0
0
0
0
0
0
0
0
0
0
0
0
0
0
0
0
0
0
0
0
0
0
2	1190542	1210175
2	1190567	1210190
2	1190488	1210169
2	1190571	1210144
0
0
0
0
0
0
0
0
0
0
0
1	1223020
1	1223055
1	1222942
1	1223095
0
1	1196317
1	1196398
1	1196269
1	1196392
1	1195539
0
0
0
0
0
0
0
0
0
0
1	1199693
1	1199805
1	1199642
1	1199806
1	1198934
0
0
0
0
0
0
0
0
0
0
0
0
0
0
0
0
0
0
0
0
0
0
0
0
0
0
0
0
0
0
0
0
0
0
0
0
0
0
0
0
0
0
0
0
0
1	1133194
1	1133110
1	1133073
1	1133184
0
0
0
0
0
0
1	1189873
1	1189922
1	1189874
1	1189874
0
0
0
0
0
0
1	1214679
1	1214718
1	1214667
1	1214676
0
0
0
0
0
0
0
0
0
0
0
0
0
0
0
0
0
0
0
0
0
0
0
0
0
0
1	1185189
1	1185372
1	1185217
1	1185302
1	1184429
0
0
0
0
0
0
0
0
0
0
0
0
0
0
0
0
0
0
0
0
0
0
0
0
0
0
0
0
0
0
0
0
0
0
0
0
0
0
0
0
0
0
0
0
0
0
0
0
0
0
0
0
0
0
0
0
0
0
0
0
0
0
0
0
0
0
0
0
0
0
0
0
0
0
0
0
0
0
0
0
0
0
0
0
0
0
0
0
0
0
0
0
0
0
0
0
0
0
0
0
0
0
0
0
0
0
0
0
0
0
0
0
0
0
0
0
0
0
0
0
0
0
0
0
0
1	1198880
1	1198874
1	1198778
1	1198929
1	1198063
0
0
0
0
0
0
0
0
0
0
0
0
0
0
0
1	1195649
1	1195643
1	1195598
1	1195650
1	1194828
0
0
0
0
0
0
0
0
0
0
1	1193613
1	1193690
1	1193610
1	1193630
0
1	1217662
1	1217680
1	1217613
1	1217683
0
0
0
0
0
0
2	1213883	1221955
2	1213987	1221973
2	1213882	1221891
2	1213941	1221988
0
0
0
0
0
0
0
0
0
0
0
0
0
0
0
0
0
0
0
0
0
2	1199465	1207750
2	1199405	1207797
2	1199387	1207696
2	1199444	1207814
2	1198617	1206928
0
0
0
0
0
0
0
0
0
0
0
0
0
0
0
0
0
0
0
0
1	1202675
1	1202687
1	1202583
1	1202735
1	1201865
0
0
0
0
0
0
0
0
0
0
0
0
0
0
0
0
0
0
0
0
0
0
0
0
0
0
0
0
0
0
0
0
0
0
0
0
0
0
0
0
0
0
0
0
0
1	1195285
1	1195300
1	1195233
1	1195316
0
0
0
0
0
0
0
0
0
0
0
0
0
0
0
0
1	1191429
1	1191485
1	1191380
1	1191499
0
0
0
0
0
0
0
0
0
0
0
2	1178093	1217774
2	1178000	1217791
2	1177926	1217712
2	1178132	1217806
0
0
0
0
0
0
2	1201974	1233441
2	1201899	1233528
2	1201932	1233360
2	1201894	1233565
1	1201117
0
0
0
0
0
0
0
0
0
0
0
0
0
0
0
0
0
0
0
0
0
0
0
0
0
1	1209956
1	1209942
1	1209919
1	1209929
1	1209126
2	1185165	1207161
2	1185100	1207132
2	1185075	1207066
2	1185144	1207176
1	1206334
0
0
0
0
0
0
0
0
0
0
0
0
0
0
0
0
0
0
0
0
0
0
0
0
0
2	1195112	1205661
2	1195053	1205708
2	1195000	1205587
2	1195124	1205735
1	1204867
0
0
0
0
0
0
0
0
0
0
0
0
0
0
0
2	1200655	1203984
2	1200560	1203873
2	1200524	1203847
2	1200652	1203964
2	1199793	1203107
2	1213669	1216892
2	1213717	1216915
2	1213641	1216847
1	1213697
1	1212870
0
0
0
0
0
0
0
0
0
0
0
0
0
0
0
1	1211898
1	1212020
1	1211891
1	1211980
1	1211142
0
0
0
0
0
2	1200045	1201591
1	1200090
1	1199991
1	1200093
0
0
0
0
0
0
0
0
0
0
0
0
0
0
0
0
0
0
0
0
0
1	1206397
1	1206508
1	1206384
1	1206471
1	1205631
0
0
0
0
0
0
0
0
0
0
0
0
0
0
0
0
0
0
0
0
0
0
0
0
0
0
0
0
0
0
0
0
0
0
0
0
0
0
0
0
1	1220682
1	1220685
1	1220630
1	1220689
1	1219865
0
0
0
0
0
0
0
0
0
0
0
0
0
0
0
2	1205202	1218597
2	1205357	1218515
2	1205219	1218462
2	1205297	1218614
2	1204469	1217742
1	1187471
1	1187501
1	1187418
1	1187498
0
0
0
0
0
0
0
0
0
0
0
0
0
0
0
0
0
0
0
0
0
0
0
0
0
0
0
0
0
0
0
2	1225426	1226958
1	1225495
2	1225397	1226829
1	1225473
1	1224632
0
0
0
0
0
1	1208688
1	1208726
1	1208624
1	1208739
0
0
0
0
0
0
0
0
0
0
0
0
0
0
0
0
0
0
0
0
0
0
0
0
0
0
0
0
0
0
0
0
0
0
0
0
0
0
0
0
0
1	1208110
1	1208099
1	1208071
1	1208109
0
0
0
0
0
0
0
0
0
0
0
0
0
0
0
0
0
0
0
0
0
0
0
0
0
0
3	1188499	1197358	1211766
3	1188313	1197425	1211748
3	1188280	1197331	1211697
3	1188486	1197405	1211772
1	1196556
1	1195647
1	1195610
1	1195584
1	1195622
0
0
0
0
0
0
0
0
0
0
0
1	1221123
1	1221177
1	1221096
1	1221156
1	1220333
1	1192147
1	1192028
1	1192029
1	1192113
0
0
0
0
0
0
1	1207332
1	1207446
1	1207261
1	1207472
1	1206571
0
0
0
0
0
0
0
0
0
0
0
0
0
0
0
0
0
0
0
0
0
0
0
0
0
0
0
0
0
0
0
0
0
0
0
1	1201133
1	1201146
1	1201068
1	1201165
0
0
0
0
0
0
0
0
0
0
0
0
0
0
0
0
0
0
0
0
0
0
0
0
0
0
0
0
0
0
0
0
0
0
0
0
0
0
0
0
0
0
0
0
0
0
0
0
0
0
0
0
0
0
0
0
0
0
0
0
0
0
0
0
0
0
1	1195033
1	1195064
1	1194937
1	1195115
1	1194227
1	1200218
1	1200238
1	1200209
1	1200194
0
1	1189804
1	1189834
1	1189713
1	1189877
0
0
0
0
0
0
0
0
0
0
0
0
0
0
0
0
1	1200421
1	1200328
1	1200355
1	1200354
0
0
0
0
0
0
0
0
0
0
0
0
0
0
0
0
0
0
0
0
0
0
0
0
0
0
0
0
0
0
0
0
0
0
0
0
1	1201226
1	1201301
1	1201174
1	1201303
1	1200444
0
0
0
0
0
0
0
0
0
0
0
0
0
0
0
0
0
0
0
0
0
0
0
0
0
0
0
0
0
0
1	1195017
1	1195105
1	1194963
1	1195118
0
0
0
0
0
0
0
0
0
0
0
1	1222674
1	1222734
1	1222611
1	1222749
0
0
0
0
0
0
0
0
0
0
0
1	1201081
1	1201150
1	1201043
1	1201139
1	1200302
0
0
0
0
0
0
0
0
0
0
0
0
0
0
0
0
0
0
0
0
0
0
0
0
0
0
0
0
0
0
0
0
0
0
0
0
0
0
0
0
0
0
0
0
0
0
0
0
0
0
0
0
0
0
0
0
0
0
0
0
0
0
0
0
0
0
0
0
0
0
0
0
0
0
0
0
0
0
0
0
0
0
0
0
0
1	1208117
1	1208146
1	1208065
1	1208151
0
0
0
0
0
0
0
0
0
0
0
0
0
0
0
0
0
0
0
0
0
0
0
0
0
0
0
0
0
0
0
2	1191410	1192805
1	1191323
1	1191256
1	1191436
1	1190555
0
0
0
0
0
0
0
0
0
0
0
0
0
0
0
0
0
0
0
0
2	1198285	1207502
2	1198266	1207555
2	1198199	1207458
2	1198332	1207549
1	1206712
0
0
0
0
0
0
0
0
0
0
1	1215106
1	1215067
1	1215016
1	1215117
1	1214275
0
0
0
0
0
1	1202336
1	1202298
1	1202245
1	1202340
1	1201500
1	1203335
1	1203322
1	1203225
1	1203386
0
0
0
0
0
0
2	1192214	1210767
2	1192308	1210861
2	1192085	1210766
2	1192390	1210813
1	1209997
0
0
0
0
0
1	1200386
0
0
1	1200374
0
0
0
0
0
0
0
0
0
0
0
0
0
0
0
0
0
0
0
0
0
0
0
0
0
0
1	1215727
1	1215685
1	1215670
1	1215699
1	1214891
0
0
0
0
0
1	1220661
1	1220673
1	1220575
1	1220710
0
0
0
0
0
0
1	1208524
1	1208591
1	1208506
1	1208561
0
0
0
0
0
0
0
0
0
0
0
0
0
0
0
0
0
0
0
0
0
2	1198563	1202804
2	1198525	1202806
2	1198500	1202784
2	1198546	1202767
2	1197730	1201987
0
0
0
0
0
4	1214835	1216354	1233339	1234910
3	1214883	1216370	1233439
4	1214776	1216274	1233319	1234834
3	1214895	1216553	1233414
1	1214038
0
0
0
0
0
0
0
0
0
0
0
0
0
0
0
1	1196267
1	1196313
1	1196200
1	1196333
1	1195476
0
0
0
0
0
0
0
0
0
0
0
0
0
0
0
0
0
0
0
0
0
0
0
0
0
0
0
0
0
0
0
0
0
0
0
0
0
0
0
0
1	1203731
1	1203503
1	1203554
1	1203652
0
0
0
0
0
0
0
0
0
0
0
0
0
0
0
0
0
0
0
0
0
0
0
0
0
0
0
0
0
0
0
0
0
0
0
0
0
0
0
0
0
3	1203305	1207381	1212746
3	1203291	1207506	1212899
4	1203211	1207380	1208827	1212886
3	1203341	1207447	1212836
2	1202480	1206620
1	1189365
1	1189363
1	1189291
1	1189390
0
0
0
0
0
0
0
0
0
0
0
1	1204112
1	1204175
1	1204085
1	1204148
1	1203324
1	1208069
1	1208018
1	1208013
1	1208035
0
0
0
0
0
0
0
0
0
0
0
0
0
0
0
0
0
0
0
0
0
1	1200938
1	1200964
1	1200899
1	1200948
0
0
0
0
0
0
0
0
0
0
0
0
0
0
0
0
1	1180492
1	1180530
1	1180565
1	1180406
0
0
0
0
0
0
0
0
0
0
0
1	1206856
1	1206886
1	1206823
1	1206865
1	1206051
0
0
0
0
0
0
0
0
0
0
0
0
0
0
0
0
0
0
0
0
1	1190295
1	1190371
1	1190199
1	1190406
0
0
0
0
0
0
1	1205379
1	1205393
1	1205317
1	1205412
1	1204569
0
0
0
0
0
0
0
0
0
0
0
0
0
0
0
0
0
0
0
0
1	1206781
1	1206827
1	1206738
1	1206821
1	1205988
0
0
0
0
0
0
0
0
0
0
0
0
0
0
0
0
0
0
0
0
0
0
0
0
0
0
0
0
0
0
0
0
0
0
0
1	1189674
1	1189791
1	1189699
1	1189714
0
0
0
0
0
0
1	1202337
1	1202384
1	1202301
1	1202372
1	1201522
1	1207752
1	1207778
1	1207681
1	1207808
1	1206952
0
0
0
0
0
1	1206315
1	1206326
1	1206217
1	1206378
1	1205507
1	1193635
1	1193690
1	1193605
1	1193672
1	1192843
0
0
0
0
0
0
0
0
0
0
0
0
0
0
0
0
0
0
0
0
1	1223049
1	1223046
1	1222978
1	1223072
0
1	1213849
1	1213975
1	1213861
1	1213909
1	1213093
1	1216755
1	1216678
1	1216663
1	1216731
1	1215904
0
0
0
0
0
0
0
0
0
0
1	1197900
1	1197911
1	1197823
1	1197939
1	1197093
0
0
0
0
0
0
0
0
0
0
0
0
0
0
0
1	1212549
1	1212595
1	1212505
1	1212592
0
0
0
0
0
0
2	1196595	1208879
2	1196640	1209031
2	1196555	1208831
2	1196624	1209033
0
3	1191803	1200101	1201638
3	1191769	1200154	1201857
3	1191705	1200046	1201787
4	1191824	1200157	1201752	1203052
1	1199306
0
0
0
0
0
0
0
0
0
0
1	1201769
1	1201714
1	1201637
1	1201805
0
1	1200211
1	1200207
1	1200145
1	1200228
0
0
0
0
0
0
0
0
0
0
0
0
0
0
0
0
0
0
0
0
0
0
0
0
0
0
0
0
0
0
0
2	1196698	1217482
2	1196672	1217459
2	1196592	1217378
2	1196733	1217516
1	1216650
0
0
0
0
0
0
0
0
0
0
0
0
0
0
0
0
0
0
0
0
1	1196047
1	1196008
1	1195962
1	1196034
0
0
0
0
0
0
1	1183013
1	1183047
1	1182969
1	1183043
0
1	1210643
1	1210714
1	1210621
1	1210688
0
0
0
0
0
0
1	3811242
1	3811291
1	3811217
1	3811265
1	3810451
0
0
0
0
0
0
0
0
0
0
0
0
0
0
0
0
0
0
0
0
0
0
0
0
0
0
0
0
0
0
1	1192294
1	1192363
1	1192200
1	1192406
0
0
0
0
0
0
0
0
0
0
0
0
0
0
0
0
0
0
0
0
0
0
0
0
0
0
0
0
0
0
0
2	1195462	1205482
2	1195455	1205536
2	1195323	1205393
2	1195546	1205591
0
1	1212533
1	1212573
1	1212512
1	1212542
1	1211739
0
0
0
0
0
0
0
0
0
0
0
0
0
0
0
0
0
0
0
0
0
0
0
0
0
0
0
0
0
0
0
0
0
0
0
0
0
0
0
0
1	1189654
1	1189607
1	1189534
1	1189685
1	1188814
0
0
0
0
0
0
0
0
0
0
0
0
0
0
0
0
0
0
0
0
0
0
0
0
0
0
0
0
0
0
1	1212606
1	1212562
1	1212524
1	1212600
1	1211769
1	1190936
1	1190882
1	1190851
1	1190925
1	1190095
0
0
0
0
0
1	1197549
1	1197373
1	1197386
1	1197498
0
0
0
0
0
0
0
0
0
0
0
0
0
0
0
0
0
0
0
0
0
2	1200844	1202434
1	1201016
2	1200906	1202152
1	1200898
0
0
0
0
0
0
0
0
0
0
0
1	1190816
1	1190722
1	1190741
1	1190755
0
1	1189169
1	1189216
1	1189193
1	1189136
0
0
0
0
0
0
0
0
0
0
0
0
0
0
0
0
1	1185638
1	1185524
1	1185589
1	1185531
1	1184762
0
0
0
0
0
2	1198324	1214661
2	1198426	1214797
2	1198275	1214628
2	1198425	1214783
0
0
0
0
0
0
0
0
0
0
0
0
0
0
0
0
0
0
0
0
0
0
0
0
0
0
0
0
0
0
0
0
0
0
0
0
0
0
0
0
0
1	1227721
1	1227753
2	1227661	1229354
1	1227764
0
0
0
0
0
0
0
0
0
0
0
0
0
0
0
0
1	1171825
1	1171891
1	1171757
1	1171913
0
0
0
0
0
0
0
0
0
0
0
1	1206986
1	1207081
1	1206978
1	1207036
0
0
0
0
0
0
0
0
0
0
0
2	1189029	1214213
2	1189019	1214274
2	1188993	1214294
2	1189015	1214145
1	1213428
0
0
0
0
0
0
0
0
0
0
0
0
0
0
0
0
0
0
0
0
0
0
0
0
0
1	1194198
1	1194197
1	1194140
1	1194252
0
0
0
0
0
0
0
0
0
0
0
0
0
0
0
0
1	1193348
1	1193270
1	1193234
1	1193346
1	1192488
0
0
0
0
0
0
0
0
0
0
0
0
0
0
0
0
0
0
0
0
0
0
0
0
0
2	1200525	1201618
2	1200590	1201679
2	1200526	1201695
2	1200553	1201716
0
2	1219307	1222257
2	1219292	1222289
2	1219233	1222196
2	1219321	1222311
1	1221463
0
0
0
0
0
0
0
0
0
0
1	1206200
1	1206216
1	1206141
1	1206232
1	1205394
1	1197234
1	1197321
1	1197260
1	1197249
1	1196464
0
0
0
0
0
0
0
0
0
0
0
0
0
0
0
0
0
0
0
0
0
0
0
0
0
0
0
0
0
0
0
0
0
0
0
1	1215028
1	1215105
1	1214991
1	1215095
1	1214250
2	1195218	1209012
2	1195276	1209048
2	1195178	1208962
2	1195265	1209052
2	1194434	1208216
1	1209070
1	1209179
1	1209085
1	1209114
0
0
0
0
0
0
0
0
0
0
0
0
0
0
0
0
0
0
0
0
0
0
0
0
0
0
0
0
0
0
0
0
0
0
0
0
0
0
0
0
0
0
0
0
0
0
0
0
0
0
0
2	1195373	1196969
2	1195455	1197032
2	1195299	1196905
2	1195471	1197109
0
0
0
0
0
0
0
0
0
0
0
0
0
0
0
0
0
0
0
0
0
0
0
0
0
0
0
0
0
0
0
0
0
0
0
0
0
0
0
0
0
0
0
0
0
0
1	1192138
1	1192158
1	1192064
1	1192180
0
0
0
0
0
0
0
0
0
0
0
0
0
0
0
0
0
0
0
0
0
0
0
0
0
0
0
0
0
0
0
0
0
0
0
0
0
0
0
0
0
0
0
0
0
0
0
0
0
0
0
1	1200479
1	1200445
1	1200402
1	1200477
1	1199645
1	1226838
1	1226857
1	1226753
1	1226896
0
0
0
0
0
0
1	1198115
1	1198125
1	1198131
1	1198059
0
0
0
0
0
0
0
0
0
0
0
0
0
0
0
0
0
0
0
0
0
0
0
0
0
0
0
0
0
0
0
0
0
0
0
0
0
0
0
0
0
0
0
0
0
0
0
0
0
0
0
1	1208005
1	1208017
1	1207973
1	1208000
0
0
0
0
0
0
0
0
0
0
0
0
0
0
0
0
0
0
0
0
0
0
0
0
0
0
0
0
0
0
0
0
0
0
0
0
0
0
0
0
0
0
0
0
0
0
1	1203197
1	1203138
1	1203112
1	1203183
1	1202348
0
0
0
0
0
0
0
0
0
0
0
0
0
0
0
3	1191432	1192247	1202230
3	1191447	1192253	1202312
3	1191330	1192155	1202213
3	1191508	1192344	1202282
1	1201453
0
0
0
0
0
0
0
0
0
0
0
0
0
0
0
0
0
0
0
0
0
0
0
0
0
0
0
0
0
0
0
0
0
0
0
1	1227756
1	1227783
1	1227697
1	1227796
0
1	1203508
1	1203498
1	1203436
1	1203528
1	1202686
0
0
0
0
0
0
0
0
0
0
0
0
0
0
0
0
0
0
0
0
0
0
0
0
0
1	1200112
1	1200071
1	1200044
1	1200093
0
0
0
0
0
0
1	1216273
1	1216207
1	1216167
1	1216267
0
0
0
0
0
0
0
0
0
0
0
0
0
0
0
0
0
0
0
0
0
3	1195641	1228065	1228785
3	1195592	1228152	1229097
3	1195553	1228022	1229994
3	1195642	1228146	1229199
2	1194803	1227288
0
0
0
0
0
0
0
0
0
0
1	1216925
1	1216888
1	1216861
1	1216900
0
1	1212049
1	1212026
1	1211984
1	1212046
0
0
0
0
0
0
0
0
0
0
0
0
0
0
0
0
1	1209756
1	1209682
1	1209614
2	1209779	1210825
0
1	1197763
1	1197735
1	1197671
1	1197770
0
0
0
0
0
0
0
0
0
0
0
0
0
0
0
0
1	1210938
1	1210886
1	1210815
1	1210969
1	1210095
1	1193519
1	1193535
1	1193493
1	1193514
1	1192713
0
0
0
0
0
0
0
0
0
0
0
0
0
0
0
0
0
0
0
0
0
0
0
0
0
0
0
0
0
0
0
0
0
0
0
1	1201923
1	1201936
1	1201881
1	1201935
1	1201110
0
0
0
0
0
0
0
0
0
0
0
0
0
0
0
2	1219948	1228228
2	1219972	1228286
2	1219900	1228204
2	1219978	1228260
1	1227439
1	1230536
1	1230569
1	1230537
1	1230516
1	1229728
1	1209394
1	1209414
1	1209347
1	1209410
1	1208588
0
0
0
0
0
1	1350997
1	1351417
1	1351324
1	1351049
0
0
0
0
0
0
0
0
0
0
0
0
0
0
0
0
0
0
0
0
0
0
0
0
0
0
0
0
0
0
0
0
0
0
0
0
0
0
0
0
0
0
0
0
0
0
1	1215536
1	1215690
1	1215501
1	1215675
0
0
0
0
0
0
0
0
0
0
0
1	1204448
1	1204461
1	1204374
1	1204494
0
0
0
0
0
0
1	1166235
1	1166315
1	1166267
1	1166235
1	1165459
0
0
0
0
0
0
0
0
0
0
0
0
0
0
0
0
0
0
0
0
0
0
0
0
0
0
0
0
0
0
0
0
0
0
0
1	1205830
1	1205826
1	1205781
1	1205827
1	1205012
0
0
0
0
0
0
0
0
0
0
0
0
0
0
0
0
0
0
0
0
0
0
0
0
0
0
0
0
0
0
0
0
0
0
0
1	1206818
1	1206802
1	1206745
1	1206830
1	1205996
0
0
0
0
0
0
0
0
0
0
0
0
0
0
0
0
0
0
0
0
0
0
0
0
0
1	1216791
1	1216905
1	1216776
1	1216872
1	1216029
0
0
0
0
0
0
0
0
0
0
0
0
0
0
0
0
0
0
0
0
0
0
0
0
0
0
0
0
0
0
0
0
0
0
0
1	1218074
1	1218054
1	1218015
1	1218062
0
0
0
0
0
0
0
0
0
0
0
0
0
0
0
0
0
0
0
0
0
0
0
0
0
0
0
0
0
0
0
1	1206952
1	1207013
1	1206922
1	1206991
1	1206166
0
0
0
0
0
0
0
0
0
0
0
0
0
0
0
0
0
0
0
0
0
0
0
0
0
0
0
0
0
0
1	1205019
1	1205136
1	1205012
1	1205094
0
0
0
0
0
0
0
0
0
0
0
1	1194132
1	1194150
1	1194076
1	1194157
0
1	1205572
1	1205621
1	1205524
1	1205618
0
0
0
0
0
0
0
0
0
0
0
0
0
0
0
0
1	1203079
1	1203065
1	1202890
1	1203216
1	1202250
0
0
0
0
0
1	1200151
1	1200221
1	1200095
1	1200228
1	1199371
0
0
0
0
0
0
0
0
0
0
1	1213571
1	1213642
1	1213602
1	1213562
0
0
0
0
0
0
1	1193828
1	1193884
1	1193781
1	1193882
0
0
0
0
0
0
1	1197904
1	1197946
1	1197802
1	1198007
1	1197108
0
0
0
0
0
0
0
0
0
0
0
0
0
0
0
0
0
0
0
0
0
0
0
0
0
0
0
0
0
0
0
0
0
0
0
0
0
0
0
0
0
0
0
0
0
0
0
0
0
0
0
0
0
0
0
0
0
0
0
0
0
0
0
0
0
1	1198142
1	1198092
1	1198048
1	1198148
1	1197305
0
0
0
0
0
1	1197974
1	1197897
1	1197927
1	1197894
0
0
0
0
0
0
0
0
0
0
0
0
0
0
0
0
0
0
0
0
0
0
0
0
0
0
0
0
0
0
0
1	1196791
1	1196780
1	1196692
1	1196829
0
0
0
0
0
0
0
0
0
0
0
1	1208450
1	1208453
1	1208376
1	1208481
1	1207639
1	1204793
1	1204872
1	1204767
1	1204834
0
0
0
0
0
0
1	1215379
1	1215400
1	1215348
1	1215378
0
0
0
0
0
0
1	1213996
1	1214016
1	1213946
1	1214009
0
0
0
0
0
0
1	1198401
1	1198382
1	1198312
1	1198429
1	1197577
0
0
0
0
0
2	1201517	1202767
2	1201448	1202674
1	1201412
1	1201509
0
0
0
0
0
0
0
0
0
0
0
0
0
0
0
0
0
0
0
0
0
0
0
0
0
0
0
0
0
0
0
0
0
0
0
0
0
0
0
0
0
0
0
0
0
0
0
0
0
0
0
0
0
0
0
0
0
0
0
0
0
0
0
0
0
0
0
0
0
0
0
0
0
0
0
0
0
0
0
0
0
0
0
0
0
0
0
0
0
0
0
0
0
0
0
0
0
0
0
0
0
0
0
0
0
0
0
0
0
0
0
0
0
0
0
0
0
0
0
0
0
0
0
0
0
0
0
0
0
0
0
1	1215875
1	1215962
1	1215808
1	1215982
1	1215103
0
0
0
0
0
1	1214079
1	1214178
1	1214050
1	1214160
1	1213303
0
0
0
0
0
0
0
0
0
0
0
0
0
0
0
1	1212050
1	1212063
1	1212034
1	1212023
1	1211237
0
0
0
0
0
1	1208081
1	1208058
1	1207978
1	1208120
0
0
0
0
0
0
0
0
0
0
0
0
0
0
0
0
1	1208469
1	1208357
1	1208290
1	1208498
1	1207597
0
0
0
0
0
0
0
0
0
0
0
0
0
0
0
0
0
0
0
0
0
0
0
0
0
0
0
0
0
0
0
0
0
0
0
1	1197917
1	1197959
1	1197876
1	1197954
1	1197128
0
0
0
0
0
0
0
0
0
0
2	1199712	1230852
2	1199640	1230829
2	1199580	1230731
2	1199724	1230903
1	1230027
1	1199277
1	1199272
1	1199220
1	1199281
1	1198607
0
0
0
0
0
0
0
0
0
0
0
0
0
0
0
0
0
0
0
0
1	1201108
1	1201166
1	1201060
1	1201167
1	1200319
0
0
0
0
0
0
0
0
0
0
0
0
0
0
0
0
0
0
0
0
0
0
0
0
0
0
0
0
0
0
0
0
0
0
0
0
0
0
0
0
0
0
0
0
0
0
0
0
0
0
1	1198425
1	1198524
1	1198421
1	1198475
1	1197658
3	1195277	1201083	1206887
3	1195313	1201021	1206852
3	1195227	1200970	1206806
3	1195313	1201075	1206885
2	1194473	1206056
0
0
0
0
0
04/30/2018 00:26:35	04/30/2018 00:48:03
