0
0
0
0
0
0
0
0
0
0
0
0
0
0
0
0
0
0
0
0
1	1218367
1	1218043
1	1218417
1	1217948
1	1217394
3	1201838	1202865	1229455
3	1202252	1203191	1229144
3	1201853	1202863	1229511
3	1202197	1203284	1229039
1	1228486
0
0
0
0
0
0
0
0
0
0
0
0
0
0
0
1	1201822
1	1201590
1	1201913
1	1201456
0
0
0
0
0
0
0
0
0
0
0
0
0
0
0
0
0
0
0
0
0
3	1204116	1220106	1221316
2	1203893	1219835
3	1204165	1220174	1221140
2	1203790	1219717
1	1219156
0
0
0
0
0
0
0
0
0
0
0
0
0
0
0
0
0
0
0
0
0
0
0
0
0
0
0
0
0
0
0
0
0
0
0
0
0
0
0
0
0
0
0
0
0
0
0
0
0
0
0
0
0
0
0
0
0
0
0
0
0
0
0
0
0
0
0
0
0
0
0
0
0
0
0
0
0
0
0
0
0
0
0
0
0
0
0
0
0
0
0
0
0
0
0
0
0
0
0
0
0
0
0
0
0
0
0
0
0
0
0
0
0
0
0
0
0
0
0
0
1	1194030
1	1193693
1	1194078
1	1193603
1	1193044
0
0
0
0
0
3	1205297	1241971	1242959
4	1205028	1206553	1241526	1242802
4	1205365	1207402	1241933	1242877
4	1204913	1206527	1241520	1242953
1	1240933
2	1209408	1216589
2	1209174	1216333
2	1209509	1216648
2	1209036	1216230
2	1208480	1215648
0
0
0
0
0
0
0
0
0
0
1	1209265
1	1208990
1	1209322
1	1208889
0
0
0
0
0
0
2	1204602	1205861
2	1204407	1205539
2	1204717	1205632
2	1204252	1205428
1	1203694
0
0
0
0
0
0
0
0
0
0
2	1206095	1206947
2	1205903	1207118
2	1206194	1207141
2	1205757	1206580
1	1205185
0
0
0
0
0
0
0
0
0
0
0
0
0
0
0
1	1228863
1	1228547
1	1228933
1	1228431
1	1227891
0
0
0
0
0
0
0
0
0
0
0
0
0
0
0
1	1217213
1	1216787
1	1217154
1	1216799
1	1216189
0
0
0
0
0
1	5934011
1	5933645
1	5933731
1	5933891
0
2	1206207	1208925
2	1206050	1208669
2	1206336	1208909
3	1205927	1208625	1209836
0
0
0
0
0
0
0
0
0
0
0
1	1231108
1	1230789
1	1231182
1	1230665
1	1230134
0
0
0
0
0
0
0
0
0
0
0
0
0
0
0
2	1226799	1227692
2	1226432	1227306
2	1226830	1227737
2	1226359	1227242
1	1225791
0
0
0
0
0
0
0
0
0
0
0
0
0
0
0
0
0
0
0
0
0
0
0
0
0
0
0
0
0
0
1	1210924
1	1210625
1	1210961
1	1210542
0
0
0
0
0
0
0
0
0
0
0
2	1208746	1209923
1	1208441
2	1208826	1209704
1	1208311
1	1207778
0
0
0
0
0
0
0
0
0
0
0
0
0
0
0
0
0
0
0
0
0
0
0
0
0
0
0
0
0
0
1	1214014
1	1213726
1	1214051
1	1213643
0
0
0
0
0
0
0
0
0
0
0
1	1191995
1	1191695
1	1192067
1	1191574
1	1191030
0
0
0
0
0
0
0
0
0
0
0
0
0
0
0
1	1211243
1	1211017
1	1211334
1	1210882
1	1210312
0
0
0
0
0
0
0
0
0
0
0
0
0
0
0
0
0
0
0
0
0
0
0
0
0
1	1202679
1	1202452
1	1202757
1	1202330
0
1	1204668
1	1204438
1	1204760
1	1204301
0
2	1201807	1202916
2	1201584	1202826
2	1201866	1202832
2	1201477	1202698
0
0
0
0
0
0
0
0
0
0
0
0
0
0
0
0
0
0
0
0
0
0
0
0
0
0
1	1216307
1	1216009
1	1216393
1	1215879
1	1215343
0
0
0
0
0
0
0
0
0
0
0
0
0
0
0
0
0
0
0
0
0
0
0
0
0
0
0
0
0
0
0
0
0
0
0
0
0
0
0
0
0
0
0
0
0
0
0
0
0
0
0
0
0
0
0
0
0
0
0
0
0
0
0
0
0
0
0
0
0
0
0
0
0
0
0
0
0
0
0
0
1	1208844
1	1208585
1	1208895
1	1208494
0
0
0
0
0
0
0
0
0
0
0
0
0
0
0
0
0
0
0
0
0
1	1203598
1	1203333
1	1203668
1	1203216
1	1202654
0
0
0
0
0
0
0
0
0
0
0
0
0
0
0
1	1208384
1	1208130
1	1208486
1	1207978
1	1207442
1	1215581
1	1215380
1	1215661
1	1215252
0
1	1210317
1	1210051
1	1210408
1	1209917
0
0
0
0
0
0
0
0
0
0
0
0
0
0
0
0
0
0
0
0
0
0
0
0
0
0
0
0
0
0
0
0
0
0
0
0
0
0
0
0
0
0
0
0
0
0
0
0
0
0
0
0
0
0
0
0
1	1215655
1	1215346
1	1215741
1	1215213
0
2	1209825	1216261
2	1209601	1215944
2	1209909	1216278
2	1209444	1215886
1	1215296
1	1216447
2	1216099	1217605
1	1216502
2	1215999	1216807
1	1215460
0
0
0
0
0
0
0
0
0
0
0
0
0
0
0
2	1215388	1216153
1	1215188
2	1215492	1216213
1	1215040
1	1214470
0
0
0
0
0
0
0
0
0
0
0
0
0
0
0
3	1202282	1203575	1211001
2	1202131	1210812
3	1202416	1203460	1211132
4	1201950	1203143	1206174	1210624
2	1201395	1210087
0
0
0
0
0
0
0
0
0
0
0
0
0
0
0
0
0
0
0
0
0
0
0
0
0
0
0
0
0
0
0
0
0
0
0
0
0
0
0
0
1	1198706
1	1198426
1	1198810
1	1198278
1	1197747
0
0
0
0
0
1	1214167
1	1213801
1	1214157
2	1213770	1215259
0
0
0
0
0
0
0
0
0
0
0
0
0
0
0
0
0
0
0
0
0
0
0
0
0
0
2	1211679	1213008
2	1211510	1212919
2	1211780	1212800
2	1211368	1212882
1	1210785
0
0
0
0
0
0
0
0
0
0
0
0
0
0
0
0
0
0
0
0
0
0
0
0
0
0
0
0
0
0
0
0
0
0
0
0
0
0
0
0
0
0
0
0
0
0
0
0
0
0
0
0
0
0
0
0
0
0
0
0
0
0
0
0
0
0
0
0
0
0
0
0
0
0
0
0
0
0
0
0
2	1264612	1274077
2	1264384	1273937
2	1264745	1274308
3	1264213	1265903	1273672
1	1263678
2	1208715	1210036
2	1208556	1209860
2	1208835	1209747
1	1208388
1	1207820
0
0
0
0
0
1	1195123
1	1194900
1	1195249
1	1194734
0
0
0
0
0
0
0
0
0
0
0
0
0
0
0
0
0
0
0
0
0
0
0
0
0
0
0
0
0
0
0
0
0
0
0
0
0
0
0
0
0
0
0
0
0
0
0
0
0
0
0
0
0
0
0
0
2	1215580	1216429
2	1215390	1216129
2	1215682	1216471
2	1215240	1216049
1	1215481
0
0
0
0
0
0
0
0
0
0
0
0
0
0
0
0
0
0
0
0
0
0
0
0
0
0
0
0
0
0
1	1208003
1	1207720
1	1208069
1	1207611
1	1207051
0
0
0
0
0
0
0
0
0
0
0
0
0
0
0
0
0
0
0
0
2	1220787	1221663
2	1220411	1221168
2	1220865	1221633
2	1220366	1221217
0
1	1205688
1	1205359
1	1205751
1	1205250
1	1204712
0
0
0
0
0
0
0
0
0
0
1	1204548
1	1204293
1	1204630
1	1204168
1	1203592
0
0
0
0
0
2	1201484	1206753
2	1201344	1206468
2	1201614	1206831
2	1201166	1206345
2	1200600	1205795
0
0
0
0
0
1	1210672
1	1210373
1	1210716
1	1210281
1	1209708
0
0
0
0
0
1	1217012
1	1216651
1	1217011
1	1216605
1	1216021
0
0
0
0
0
0
0
0
0
0
1	1205407
1	1205193
2	1205518	1206372
1	1205038
0
0
0
0
0
0
0
0
0
0
0
0
0
0
0
0
0
0
0
0
0
0
0
0
0
0
0
0
0
0
0
0
0
0
0
0
1	1208500
1	1208219
1	1208579
1	1208081
0
0
0
0
0
0
0
0
0
0
0
0
0
0
0
0
2	1210212	1211430
1	1209992
1	1210303
1	1209856
0
1	1208382
1	1208149
1	1208470
1	1208013
1	1207441
0
0
0
0
0
0
0
0
0
0
0
0
0
0
0
0
0
0
0
0
0
0
0
0
0
0
0
0
0
0
0
0
0
0
0
0
0
0
0
0
1	1210092
1	1209827
1	1210142
1	1209727
1	1209145
2	1207589	1214298
2	1207334	1214037
2	1207678	1214368
2	1207200	1213922
1	1213356
0
0
0
0
0
0
0
0
0
0
1	1211801
1	1211556
1	1211888
1	1211416
1	1210861
0
0
0
0
0
0
0
0
0
0
1	1201385
1	1201850
1	1201450
1	1201744
1	1200804
0
0
0
0
0
0
0
0
0
0
0
0
0
0
0
0
0
0
0
0
0
0
0
0
0
0
0
0
0
0
0
0
0
0
0
0
0
0
0
0
0
0
0
0
0
2	1200006	1212507
2	1199730	1212227
3	1200090	1212528	1213572
2	1199597	1212162
1	1211539
0
0
0
0
0
0
0
0
0
0
0
0
0
0
0
0
0
0
0
0
0
0
0
0
0
0
0
0
0
0
1	1208288
1	1208029
1	1208377
1	1207893
1	1207344
0
0
0
0
0
0
0
0
0
0
0
0
0
0
0
0
0
0
0
0
1	1186445
1	1186276
2	1186540	1187454
1	1186139
1	1185550
0
0
0
0
0
0
0
0
0
0
0
0
0
0
0
0
0
0
0
0
0
0
0
0
0
0
0
0
0
0
3	1204158	1205496	1208091
2	1203972	1205396
2	1204275	1205212
3	1203811	1206672	1207819
2	1203254	1206107
4	1216720	1217515	1234012	1235156
4	1216558	1217364	1233925	1235076
4	1216838	1217746	1234214	1235362
4	1216394	1217289	1233673	1234832
3	1215819	1233157	1234311
1	1198104
1	1197813
2	1198177	1199108
1	1197694
1	1197141
0
0
0
0
0
0
0
0
0
0
1	1208772
1	1208568
1	1208864
1	1208432
1	1207852
0
0
0
0
0
0
0
0
0
0
0
0
0
0
0
0
0
0
0
0
2	1197431	1201449
2	1197237	1201256
2	1197546	1201550
2	1197080	1201111
2	1196524	1200540
0
0
0
0
0
0
0
0
0
0
1	1192494
1	1192124
1	1192498
1	1192069
0
0
0
0
0
0
1	1212868
1	1212681
1	1212961
1	1212542
1	1211956
3	1198512	1221986	1224415
3	1198213	1221766	1224099
4	1198599	1199440	1222092	1224480
3	1198083	1221612	1223994
2	1197547	1223443
0
0
0
0
0
0
0
0
0
0
0
0
0
0
0
1	1193346
1	1193092
1	1193431
1	1192957
1	1192406
1	1214603
1	1214377
1	1214678
1	1214258
1	1213680
0
0
0
0
0
0
0
0
0
0
0
0
0
0
0
0
0
0
0
0
0
0
0
0
0
2	1195730	1196634
2	1195334	1196077
2	1195757	1196634
2	1195259	1196112
1	1194719
0
0
0
0
0
0
0
0
0
0
0
0
0
0
0
0
0
0
0
0
0
0
0
0
0
0
0
0
0
0
0
0
0
0
0
0
0
0
0
0
1	1202513
1	1202324
1	1202598
1	1202188
0
0
0
0
0
0
0
0
0
0
0
0
0
0
0
0
0
0
0
0
0
2	1199515	1200868
2	1199189	1200617
2	1199588	1200974
2	1199072	1200488
1	1198542
0
0
0
0
0
0
0
0
0
0
0
0
0
0
0
0
0
0
0
0
0
0
0
0
0
0
0
0
0
0
0
0
0
0
0
0
0
0
0
0
0
0
0
0
0
0
0
0
0
0
0
0
0
0
0
0
0
0
0
0
0
0
0
0
0
0
0
0
0
0
2	1203773	1212486
2	1203515	1212324
2	1203876	1212627
2	1203364	1212149
2	1202824	1211601
0
0
0
0
0
0
0
0
0
0
2	1204879	1234657
2	1204714	1234254
2	1204970	1234647
2	1204587	1234213
2	1203967	1233641
0
0
0
0
0
0
0
0
0
0
0
0
0
0
0
1	1208240
1	1208064
2	1208344	1209289
1	1207913
1	1207321
1	1205932
1	1205738
1	1206025
1	1205586
0
0
0
0
0
0
0
0
0
0
0
0
0
0
0
0
0
0
0
0
0
0
0
0
0
0
1	1199060
1	1198861
1	1199165
1	1198731
0
2	1205550	1206644
1	1205164
2	1205513	1206529
1	1205151
0
0
0
0
0
0
0
0
0
0
0
0
0
0
0
0
0
0
0
0
0
0
0
0
0
0
1	1223066
1	1222842
1	1223142
1	1222718
0
0
0
0
0
0
0
0
0
0
0
0
0
0
0
0
0
0
0
0
0
0
0
0
0
0
0
0
0
0
0
0
0
0
0
0
0
0
0
0
0
0
0
0
0
0
0
0
0
0
0
0
0
0
0
0
0
0
0
0
0
0
0
0
0
0
0
0
0
0
0
3	1196818	1202425	1203584
2	1196555	1202094
3	1196874	1202468	1203404
2	1196453	1202012
2	1195876	1201394
1	1171544
1	1171173
1	1171556
1	1171114
1	1170544
1	1196631
1	1196437
1	1196762
1	1196253
0
0
0
0
0
0
2	1215685	1216903
1	1215405
2	1215754	1216686
1	1215285
1	1214728
0
0
0
0
0
0
0
0
0
0
0
0
0
0
0
0
0
0
0
0
0
0
0
0
0
1	1204240
1	1204070
1	1204370
1	1203896
0
0
0
0
0
0
0
0
0
0
0
0
0
0
0
0
2	1212949	1214020
2	1212685	1213426
2	1213021	1213920
2	1212573	1213327
0
0
0
0
0
0
0
0
0
0
0
0
0
0
0
0
0
0
0
0
0
1	550029
1	550137
1	549830
1	550304
1	549241
1	1204952
1	1204686
1	1205016
1	1204576
1	1204001
3	1185548	1186280	1207142
3	1185161	1185948	1206807
3	1185516	1186302	1207174
3	1185146	1185951	1206728
2	1184544	1206161
0
0
0
0
0
0
0
0
0
0
1	1226375
1	1226060
1	1226460
1	1225928
1	1225406
0
0
0
0
0
0
0
0
0
0
2	1209242	1210493
2	1209050	1210188
2	1209342	1210309
2	1208906	1210117
0
1	1195894
1	1195654
1	1196000
1	1195516
1	1194939
0
0
0
0
0
0
0
0
0
0
0
0
0
0
0
0
0
0
0
0
0
0
0
0
0
0
0
0
0
0
0
0
0
0
0
0
0
0
0
0
0
0
0
0
0
0
0
0
0
0
0
0
0
0
0
0
0
0
0
0
3	1202493	1203667	1227306
2	1202195	1226878
2	1202581	1227292
3	1202060	1203283	1226835
1	1226276
0
0
0
0
0
0
0
0
0
0
0
0
0
0
0
3	1199310	1229947	1230928
2	1199006	1229480
3	1199408	1229940	1230800
2	1198859	1229442
2	1198344	1228896
0
0
0
0
0
0
0
0
0
0
0
0
0
0
0
3	1203451	1211473	1213153
3	1202982	1211062	1212604
2	1203393	1211472
3	1202989	1211023	1212386
2	1202401	1210426
1	1225326
1	1225011
1	1225435
1	1224845
0
0
0
0
0
0
0
0
0
0
0
0
0
0
0
0
1	1197045
2	1196771	1198271
1	1197118
1	1196651
0
0
0
0
0
0
2	1218560	1224742
2	1218241	1224497
2	1218636	1224880
2	1218122	1224322
1	1217587
0
0
0
0
0
0
0
0
0
0
2	1209262	1228070
2	1208933	1227705
2	1209307	1228110
2	1208840	1227612
1	1208282
0
0
0
0
0
0
0
0
0
0
0
0
0
0
0
0
0
0
0
0
0
0
0
0
0
0
0
0
0
0
0
0
0
0
0
0
0
0
0
0
0
0
0
0
0
0
0
0
0
0
0
0
0
0
0
0
0
0
0
0
0
0
0
0
0
1	1207800
1	1207667
1	1207933
1	1207488
0
0
0
0
0
0
0
0
0
0
0
1	1218091
1	1217718
1	1218140
1	1217617
0
0
0
0
0
0
0
0
0
0
0
0
0
0
0
0
0
0
0
0
0
0
0
0
0
0
0
0
0
0
0
0
0
0
0
0
0
0
0
0
0
0
0
0
0
0
0
0
0
0
0
0
0
0
0
0
0
0
0
0
0
0
0
0
0
0
0
0
0
0
0
1	1214252
1	1214031
1	1214354
1	1213878
1	1213331
0
0
0
0
0
1	1209133
1	1208939
1	1209240
2	1208789	1209543
1	1208220
0
0
0
0
0
0
0
0
0
0
0
0
0
0
0
0
0
0
0
0
0
0
0
0
0
0
0
0
0
0
0
0
0
0
0
0
0
0
0
0
0
0
0
0
0
0
0
0
0
0
0
0
0
0
0
0
0
0
0
0
2	1200801	1226577
2	1200451	1226272
2	1200880	1226640
2	1200336	1226164
1	1199812
0
0
0
0
0
0
0
0
0
0
0
0
0
0
0
0
0
0
0
0
0
0
0
0
0
0
0
0
0
0
0
0
0
0
0
0
0
0
0
0
0
0
0
0
0
0
0
0
0
0
0
0
0
0
0
0
0
0
0
0
0
0
0
0
0
0
0
0
0
0
0
0
0
1	1195188
0
2	1214812	1216059
2	1214597	1216069
2	1214866	1215870
2	1214495	1216021
0
0
0
0
0
0
0
0
0
0
0
2	1201831	1202989
2	1201537	1202968
2	1201923	1202768
1	1201397
0
1	1209787
1	1209596
2	1209916	1210792
1	1209425
1	1208878
0
0
0
0
0
0
0
0
0
0
0
0
0
0
0
0
0
0
0
0
0
0
0
0
0
1	1204863
1	1204643
1	1204952
1	1204507
0
2	1210343	1211440
2	1210095	1211387
2	1210416	1211333
2	1209979	1211217
1	1209404
1	1209143
1	1208964
1	1209256
1	1208806
0
1	1211936
1	1211723
1	1211968
1	1211645
1	1211013
0
0
0
0
0
0
0
0
0
0
0
0
0
0
0
0
0
0
0
0
0
0
0
0
0
0
0
0
0
0
2	1204481	1206712
2	1204158	1206517
2	1204528	1206770
2	1204071	1206503
0
0
0
0
0
0
1	1215352
1	1215095
1	1215426
1	1214976
1	1214410
0
0
0
0
0
0
0
0
0
0
3	1193603	1201952	1211694
3	1193271	1201703	1211422
3	1193632	1202032	1211733
3	1193196	1201581	1211332
2	1192624	1201011
0
0
0
0
0
0
0
0
0
0
0
0
0
0
0
0
0
0
0
0
0
0
0
0
0
0
0
0
0
0
0
0
0
0
0
0
0
0
0
0
1	1218697
1	1218368
1	1218725
1	1218289
0
0
0
0
0
0
0
0
0
0
0
0
0
0
0
0
0
0
0
0
0
0
0
0
0
0
2	1213775	1214965
1	1213468
2	1213823	1214783
1	1213373
1	1212802
0
0
0
0
0
0
0
0
0
0
0
0
0
0
0
1	1205842
1	1205639
1	1205980
1	1205455
0
0
0
0
0
0
0
0
0
0
0
0
0
0
0
0
0
0
0
0
0
0
0
0
0
0
0
0
0
0
0
1	1207609
1	1207322
1	1207672
1	1207214
1	1206647
0
0
0
0
0
0
0
0
0
0
0
0
0
0
0
0
0
0
0
0
0
0
0
0
0
0
0
0
0
0
0
0
0
0
0
1	1211615
1	1211469
1	1211729
1	1211316
1	1210722
0
0
0
0
0
0
0
0
0
0
0
0
0
0
0
0
0
0
0
0
0
0
0
0
0
0
0
0
0
0
0
0
0
0
0
0
0
0
0
0
0
0
0
0
0
0
0
0
0
0
0
0
0
0
0
0
0
0
0
0
0
0
0
0
0
0
0
0
0
0
0
0
0
0
0
0
0
0
0
0
0
0
0
0
0
0
0
0
0
0
0
0
0
0
0
0
0
0
0
0
0
0
0
0
0
0
0
0
0
0
3	1200757	1202150	1217849
3	1200702	1202035	1217549
3	1200936	1201800	1217893
3	1200475	1201232	1217454
1	1199912
0
0
0
0
0
0
0
0
0
0
0
0
0
0
0
0
0
0
0
0
1	1200767
1	1200506
1	1200875
1	1200352
1	1199826
1	1206911
1	1206687
1	1207016
1	1206547
1	1205986
0
0
0
0
0
0
0
0
0
0
0
0
0
0
0
0
0
0
0
0
1	1215462
1	1215379
1	1215600
1	1215188
1	1214602
0
0
0
0
0
0
0
0
0
0
0
0
0
0
0
0
0
0
0
0
0
0
0
0
0
0
0
0
0
0
0
0
0
0
0
0
0
0
0
0
0
0
0
0
0
0
0
0
0
0
0
0
0
0
0
0
0
0
0
0
0
0
0
0
0
0
0
0
0
0
0
0
0
0
0
0
0
0
0
0
1	1210857
1	1210644
1	1210940
1	1210515
1	1209937
1	1208493
1	1208358
1	1208624
1	1208184
1	1207614
2	1205110	1206449
2	1204988	1206330
2	1205255	1206510
2	1204787	1206154
0
0
0
0
0
0
3	1234448	1241618	1242749
3	1234110	1241267	1242484
3	1234508	1241639	1242899
3	1234012	1241203	1242437
0
0
0
0
0
0
0
0
0
0
0
0
0
0
0
0
0
0
0
0
0
0
0
0
0
0
0
0
0
0
0
0
0
0
0
0
0
0
0
0
0
0
0
0
0
0
0
0
0
0
0
0
0
0
0
0
0
0
0
0
0
0
0
0
0
0
0
0
0
0
0
0
0
0
0
0
0
0
0
0
0
0
0
0
0
0
0
0
0
0
0
0
0
0
0
0
0
0
0
0
0
0
0
0
0
0
0
0
0
0
0
0
0
0
0
0
0
0
0
0
0
0
0
0
0
0
0
0
0
0
0
0
0
0
0
0
0
0
0
0
0
0
0
0
0
0
2	1222402	1223259
2	1222125	1222999
2	1222496	1223357
2	1221980	1223079
0
2	1202408	1203149
2	1202074	1202892
2	1202466	1203353
2	1201970	1202812
1	1201427
0
0
0
0
0
1	1213426
1	1213060
1	1213439
1	1212995
0
0
0
0
0
0
0
0
0
0
0
0
0
0
0
0
0
0
0
0
0
0
0
0
0
0
2	1209856	5507640
2	1209466	5508776
2	1209830	5507944
2	1209447	5508418
1	1208850
1	1216978
1	1216726
1	1217070
1	1216590
0
0
0
0
0
0
1	1199806
1	1199565
1	1199892
1	1199440
1	1198876
0
0
0
0
0
0
0
0
0
0
0
0
0
0
0
0
0
0
0
0
0
0
0
0
0
0
0
0
0
0
0
0
0
0
0
0
0
0
0
0
0
0
0
0
0
0
0
0
0
0
0
0
0
0
0
1	1204696
1	1204449
1	1204785
1	1204309
0
0
0
0
0
0
2	1197230	1231315
2	1196860	1230997
2	1197267	1231395
2	1196780	1230873
2	1196234	1230345
0
0
0
0
0
0
0
0
0
0
0
0
0
0
0
0
0
0
0
0
1	1227712
1	1227362
1	1227754
1	1227277
0
2	1209095	1210416
1	1208910
2	1209214	1210150
1	1208750
1	1208190
1	1212271
1	1211970
1	1212320
1	1211864
0
0
0
0
0
0
0
0
0
0
0
1	1206369
1	1206180
1	1206464
1	1206046
0
0
0
0
0
0
1	1195674
1	1195470
1	1195818
2	1195277	1197024
0
0
0
0
0
0
0
0
0
0
0
2	1207875	1208992
2	1207686	1208757
2	1207983	1208889
2	1207542	1208697
0
0
0
0
0
0
0
0
0
0
0
0
0
0
0
0
1	1184025
1	1183678
1	1184013
1	1183637
0
0
0
0
0
0
0
0
0
0
0
2	1201777	1205384
2	1201492	1205180
2	1201847	1202775
2	1201374	1205027
0
0
0
0
0
0
1	1204189
1	1203913
1	1204247
1	1203803
0
0
0
0
0
0
0
0
0
0
0
1	1207007
1	1206850
1	1207139
1	1206677
1	1206117
0
0
0
0
0
2	1200822	1203110
2	1200484	1202850
2	1200907	1203173
2	1200365	1202742
0
0
0
0
0
0
0
0
0
0
0
2	1209485	1210229
2	1209297	1210084
2	1209591	1211238
2	1209149	1209962
1	1208578
0
0
0
0
0
2	1217152	1218258
1	1216756
2	1217206	1218058
1	1216653
1	1216142
0
0
0
0
0
0
0
0
0
0
0
0
0
0
0
0
0
0
0
0
0
0
0
0
0
0
0
0
0
0
0
0
0
0
0
1	1213060
1	1212739
1	1213102
1	1212647
0
0
0
0
0
0
0
0
0
0
0
0
0
0
0
0
0
0
0
0
0
0
0
0
0
0
0
0
0
0
0
0
0
0
0
0
0
0
0
0
0
1	1210838
2	1210689	1211707
2	1210941	1211755
2	1210545	1212171
1	1209943
0
0
0
0
0
0
0
0
0
0
1	1187539
1	1187275
1	1187600
1	1187164
0
0
0
0
0
0
2	1217921	1218908
2	1217585	1218621
2	1217978	1218750
2	1217484	1218394
0
0
0
0
0
0
2	1203340	1204444
2	1203170	1204238
2	1203440	1204430
2	1203029	1204153
1	1202440
0
0
0
0
0
0
0
0
0
0
0
0
0
0
0
0
0
0
0
0
0
0
0
0
0
4	1200294	1210307	1211299	1229406
4	1200017	1210089	1211160	1229118
4	1200383	1210428	1211273	1229488
4	1199886	1209931	1210820	1228992
2	1199328	1228450
0
0
0
0
0
0
0
0
0
0
0
0
0
0
0
0
0
0
0
0
0
0
0
0
0
0
0
0
0
0
2	1213457	1214619
2	1213207	1214274
2	1213533	1214550
2	1213106	1214230
0
1	1188950
1	1189067
1	1189108
1	1188854
1	1188184
0
0
0
0
0
0
0
0
0
0
0
0
0
0
0
0
0
0
0
0
1	1200442
1	1200236
1	1200536
1	1200103
0
0
0
0
0
0
0
0
0
0
0
0
0
0
0
0
0
0
0
0
0
0
0
0
0
0
0
0
0
0
0
2	1224911	1225969
2	1224639	1225711
2	1225010	1225896
2	1224496	1225477
0
0
0
0
0
0
0
0
0
0
0
2	1202564	1203771
2	1202302	1203496
2	1202672	1203885
2	1202147	1203377
0
0
0
0
0
0
0
0
0
0
0
0
0
0
0
0
0
0
0
0
0
0
0
0
0
0
0
0
0
0
0
0
0
0
0
0
0
0
0
0
0
1	1213022
1	1212778
1	1213103
1	1212652
0
0
0
0
0
0
1	1207053
1	1206823
1	1207118
1	1206707
0
0
0
0
0
0
0
0
0
0
0
1	1211992
1	1211818
1	1212092
1	1211679
1	1211093
0
0
0
0
0
0
0
0
0
0
0
0
0
0
0
0
0
0
0
0
0
0
0
0
0
2	1213026	1214275
1	1212800
1	1213085
1	1212699
1	1212101
0
0
0
0
0
0
0
0
0
0
0
0
0
0
0
1	1210206
1	1210162
1	1210361
1	1209959
1	1209367
0
0
0
0
0
0
0
0
0
0
2	1207076	1241158
3	1206853	1240879	1242367
2	1207150	1241241
3	1206739	1240741	1242420
1	1206152
0
0
0
0
0
0
0
0
0
0
0
0
0
0
0
0
0
0
0
0
1	1197196
1	1196861
1	1197214
1	1196794
1	1196218
0
0
0
0
0
0
0
0
0
0
0
0
0
0
0
0
0
0
0
0
2	1170904	1172039
2	1170726	1171873
2	1171047	1171988
2	1170542	1171645
0
1	1206926
1	1206640
1	1206961
1	1206558
1	1205969
1	1220704
1	1220376
1	1220783
1	1220250
1	1219728
0
0
0
0
0
0
0
0
0
0
0
0
0
0
0
0
0
0
0
0
0
0
0
0
0
2	1211385	1212648
2	1211208	1212528
2	1211497	1212248
2	1211059	1212316
1	1210477
0
0
0
0
0
0
0
0
0
0
0
0
0
0
0
0
0
0
0
0
0
0
0
0
0
0
0
0
0
0
0
0
0
0
0
0
0
0
0
0
0
0
0
0
0
1	1205877
1	1205706
1	1206003
1	1205536
1	1204981
0
0
0
0
0
2	1207216	1231556
2	1206971	1231225
2	1207311	1231617
2	1206827	1231122
2	1206280	1230578
0
0
0
0
0
0
0
0
0
0
0
0
0
0
0
0
0
0
0
0
0
0
0
0
0
1	1214342
1	1214121
1	1214422
1	1213999
1	1213415
0
0
0
0
0
0
0
0
0
0
0
0
0
0
0
0
0
0
0
0
0
0
0
0
0
0
0
0
0
0
0
0
0
0
0
0
0
0
0
0
0
0
0
0
0
1	1214612
1	1214368
1	1214664
1	1214277
0
0
0
0
0
0
1	1196566
1	1196289
1	1196653
1	1196162
1	1195615
0
0
0
0
0
0
0
0
0
0
0
0
0
0
0
0
0
0
0
0
0
0
0
0
0
0
0
0
0
0
0
0
0
0
0
1	1209512
1	1209263
1	1209557
1	1209166
0
0
0
0
0
0
0
0
0
0
0
0
0
0
0
0
0
0
0
0
0
0
0
0
0
0
0
0
0
0
0
0
0
0
0
0
0
0
0
0
0
2	1183448	1184579
2	1183127	1184329
2	1183426	1184457
2	1183103	1184309
1	1182471
0
0
0
0
0
0
0
0
0
0
0
0
0
0
0
0
0
0
0
0
0
0
0
0
0
0
0
0
0
0
0
0
0
0
0
1	1203162
1	1202926
1	1203253
1	1202790
1	1202233
1	1205234
1	1205018
1	1205334
1	1204871
0
2	1203655	1204912
2	1203462	1204696
2	1203765	1204706
2	1203313	1204572
0
0
0
0
0
0
0
0
0
0
0
0
0
0
0
0
0
0
0
0
0
0
0
0
0
0
0
0
0
0
0
0
0
0
0
0
2	1213641	1216208
2	1213230	1215954
2	1213656	1216292
2	1213168	1215835
1	1212601
0
0
0
0
0
0
0
0
0
0
0
0
0
0
0
2	1196634	1210425
2	1196356	1210172
2	1196725	1210497
2	1196217	1210049
2	1195678	1209485
0
0
0
0
0
2	1211208	1212000
2	1210961	1211718
2	1211281	1212191
2	1210841	1211694
0
0
0
0
0
0
0
0
0
0
0
0
0
0
0
0
2	1206701	1207512
2	1206527	1207300
2	1206825	1207636
2	1206365	1207163
1	1205801
0
0
0
0
0
0
0
0
0
0
0
0
0
0
0
0
0
0
0
0
0
0
0
0
0
0
0
0
0
0
0
0
0
0
0
0
0
0
0
0
1	1183478
1	1183235
2	1183492	1185190
2	1183176	1184671
1	1182514
0
0
0
0
0
2	1213826	1214999
1	1213686
2	1213996	1214839
1	1213478
1	1212946
0
0
0
0
0
0
0
0
0
0
0
0
0
0
0
0
0
0
0
0
0
0
0
0
0
0
0
0
0
0
0
0
0
0
0
0
0
0
0
0
0
0
0
0
0
0
0
0
0
0
2	1211560	1212844
1	1211360
1	1211662
1	1211221
0
0
0
0
0
0
0
0
0
0
0
1	1209944
1	1209715
1	1210056
1	1209555
0
1	1209366
1	1209924
1	1209494
1	1209749
1	1208846
1	1212040
1	1211626
1	1212037
1	1211581
1	1211021
0
0
0
0
0
0
0
0
0
0
1	1208342
1	1208001
1	1208381
1	1207912
0
2	1205106	1206311
2	1204907	1206238
2	1205205	1206120
2	1204760	1205710
0
0
0
0
0
0
0
0
0
0
0
1	1207769
1	1207590
1	1207900
1	1207419
1	1206868
0
0
0
0
0
3	1198349	1208082	1209276
3	1198291	1207848	1208944
3	1198473	1208135	1209135
3	1198118	1207747	1208920
0
0
0
0
0
0
0
0
0
0
0
1	1198085
1	1197778
1	1198153
1	1197667
1	1197123
0
0
0
0
0
1	1206746
1	1206574
1	1206827
1	1206453
1	1205851
1	1223681
1	1223196
2	1223639	1225339
1	1223184
1	1222621
0
0
0
0
0
0
0
0
0
0
0
0
0
0
0
0
0
0
0
0
0
0
0
0
0
0
0
0
0
0
0
0
0
0
0
0
0
0
0
0
0
0
0
0
0
0
0
0
0
0
1	1207285
1	1207038
1	1207358
1	1206918
1	1206344
1	1218670
1	1218464
1	1218743
1	1218342
1	1217755
3	1203498	1207475	1223469
3	1203421	1207343	1223180
3	1203666	1207616	1223529
3	1203205	1207183	1223079
0
0
0
0
0
0
0
0
0
0
0
0
0
0
0
0
1	1217336
1	1216993
1	1217416
1	1216867
0
0
0
0
0
0
0
0
0
0
0
0
0
0
0
0
1	1204427
1	1204221
1	1204538
1	1204062
0
3	1202707	1203415	1210135
2	1202509	1210615
2	1202818	1210208
3	1202347	1203148	1210502
2	1201785	1209558
1	1206455
1	1206296
1	1206582
1	1206134
0
0
0
0
0
0
1	1226582
1	1226281
2	1226664	1227543
1	1226148
0
0
0
0
0
0
0
0
0
0
0
0
0
0
0
0
0
0
0
0
0
0
0
0
0
0
0
0
0
0
0
0
0
0
0
0
0
0
0
0
0
0
0
0
0
0
0
0
0
0
0
1	1205909
1	1205744
1	1206005
1	1205609
0
1	1227623
1	1227347
1	1227680
1	1227243
1	1226669
0
0
0
0
0
1	1215189
1	1214868
1	1215272
1	1214750
0
0
0
0
0
0
0
0
0
0
0
0
0
0
0
0
0
0
0
0
0
0
0
0
0
0
0
0
0
0
0
0
0
0
0
0
1	1209575
1	1209243
1	1209634
1	1209138
1	1208582
1	1203449
1	1203095
1	1203474
1	1203020
1	1202458
0
0
0
0
0
0
0
0
0
0
0
0
0
0
0
0
0
0
0
0
0
0
0
0
0
1	1208230
1	1208021
2	1208305	1209283
1	1207901
1	1207315
0
0
0
0
0
0
0
0
0
0
0
0
0
0
0
0
0
0
0
0
0
0
0
0
0
0
0
0
0
0
1	1189834
1	1189509
1	1189871
1	1189434
0
0
0
0
0
0
0
0
0
0
0
0
0
0
0
0
2	1210605	1211736
2	1210278	1211532
2	1210650	1211582
2	1210186	1211555
0
0
0
0
0
0
1	1202131
1	1201886
1	1202220
1	1201747
1	1201184
0
0
0
0
0
0
0
0
0
0
0
0
0
0
0
0
0
0
0
0
0
0
0
0
0
0
0
0
0
0
0
0
0
0
0
0
0
0
0
0
1	1203308
1	1203177
1	1203437
1	1203003
1	1202434
0
0
0
0
0
0
0
0
0
0
0
0
0
0
0
0
0
0
0
0
0
0
0
0
0
0
0
0
0
0
0
0
0
0
0
0
0
0
0
0
0
0
0
0
0
0
0
0
0
0
0
0
0
0
0
0
0
0
0
0
0
0
0
0
0
0
0
0
0
0
0
0
0
0
0
0
0
0
0
0
0
0
0
0
0
0
0
0
0
0
0
0
0
0
0
0
0
0
0
0
0
0
0
0
0
0
0
0
0
0
0
0
0
0
0
0
0
0
0
0
0
0
0
0
0
0
0
0
0
0
0
0
0
0
0
0
0
0
0
0
0
0
0
0
0
0
0
0
0
0
0
0
0
0
0
0
0
0
0
0
0
0
0
0
0
1	1206503
1	1206262
1	1206583
1	1206132
1	1205562
0
0
0
0
0
0
0
0
0
0
0
0
0
0
0
0
0
0
0
0
0
0
0
0
0
0
0
0
0
0
0
0
0
0
0
0
0
0
0
0
0
0
0
0
0
0
0
0
0
0
0
0
0
0
0
2	1196373	1197615
1	1196140
2	1196446	1197403
1	1196020
1	1195442
0
0
0
0
0
1	1206140
1	1205922
2	1206238	1208247
1	1205783
0
0
0
0
0
0
0
0
0
0
0
0
0
0
0
0
0
0
0
0
0
0
0
0
0
0
0
0
0
0
0
1	1217726
1	1217495
1	1217802
1	1217371
1	1216790
0
0
0
0
0
0
0
0
0
0
0
0
0
0
0
0
0
0
0
0
0
0
0
0
0
1	1202489
1	1202246
1	1202554
1	1202132
1	1201555
0
0
0
0
0
0
0
0
0
0
0
0
0
0
0
0
0
0
0
0
0
0
0
0
0
0
0
0
0
0
0
0
0
0
0
0
0
0
0
0
0
0
0
0
0
0
0
0
0
0
2	1201192	1202188
2	1200916	1201862
2	1201293	1202182
2	1200770	1201776
0
1	1212395
1	1212183
1	1212514
1	1212027
0
0
0
0
0
0
0
0
0
0
0
0
0
0
0
0
1	1194595
1	1194270
1	1194637
1	1194182
1	1193623
1	1240656
1	1241132
1	1240812
1	1240929
1	1240081
0
0
0
0
0
0
0
0
0
0
0
0
0
0
0
2	1205997	1210940
2	1205736	1210779
2	1206058	1211061
2	1205636	1210606
2	1205047	1210043
0
0
0
0
0
0
0
0
0
0
0
0
0
0
0
0
0
0
0
0
0
0
0
0
0
0
0
0
0
0
1	1216944
1	1216584
1	1216985
1	1216500
0
0
0
0
0
0
0
0
0
0
0
0
0
0
0
0
0
0
0
0
0
0
0
0
0
0
0
0
0
0
0
1	1204730
1	1204495
1	1204787
1	1204386
0
0
0
0
0
0
0
0
0
0
0
0
0
0
0
0
1	1230510
1	1230186
1	1230568
1	1230079
1	1229535
3	1198621	1203391	1210373
3	1198405	1203062	1210037
4	1198727	1203423	1204706	1210414
4	1198258	1202982	1204228	1209951
0
0
0
0
0
0
0
0
0
0
0
0
0
0
0
0
0
0
0
0
0
0
0
0
0
0
0
0
0
0
0
1	1221593
1	1221212
1	1221581
1	1221175
1	1220589
0
0
0
0
0
0
0
0
0
0
1	1205872
1	1205608
1	1205972
1	1205458
1	1204925
0
0
0
0
0
0
0
0
0
0
0
0
0
0
0
0
0
0
0
0
1	1201177
1	1201008
1	1201317
1	1200823
0
0
0
0
0
0
1	1216910
1	1216673
1	1217019
1	1216525
1	1215967
0
0
0
0
0
0
0
0
0
0
0
0
0
0
0
0
0
0
0
0
0
0
0
0
0
0
0
0
0
0
0
0
0
0
0
0
0
0
0
0
0
0
0
0
0
1	1204013
1	1203904
1	1204183
1	1203683
0
0
0
0
0
0
0
0
0
0
0
0
0
0
0
0
0
0
0
0
0
1	1207797
1	1207496
1	1207855
1	1207400
0
0
0
0
0
0
0
0
0
0
0
0
0
0
0
0
1	1180291
1	1180131
1	1180397
1	1179992
1	1179398
1	1210298
1	1210120
1	1210413
1	1209966
1	1209370
0
0
0
0
0
0
0
0
0
0
0
0
0
0
0
0
0
0
0
0
0
0
0
0
0
0
0
0
0
0
0
0
0
0
0
0
0
0
0
0
0
0
0
0
0
0
0
0
0
0
0
0
0
0
0
0
0
0
0
0
0
0
0
0
0
0
0
0
0
0
0
0
0
0
0
2	1201455	1202220
2	1201128	1201953
2	1201529	1202386
2	1201015	1201857
0
1	1207721
1	1207508
1	1207818
1	1207363
0
0
0
0
0
0
1	1216675
1	1216377
1	1216735
1	1216380
0
0
0
0
0
0
0
0
0
0
0
0
0
0
0
0
0
0
0
0
0
0
0
0
0
0
0
0
0
0
0
0
0
0
0
0
0
0
0
0
0
1	1218699
1	1218460
1	1218776
1	1218346
0
0
0
0
0
0
0
0
0
0
0
0
0
0
0
0
3	1210874	1213683	1223590
3	1210705	1212316	1223236
3	1210991	1212653	1223626
2	1210551	1223154
1	1222590
2	1212846	1213910
1	1212642
2	1212943	1213742
2	1212524	1213401
0
0
0
0
0
0
0
0
0
0
0
04/30/2018 00:48:52	04/30/2018 01:09:30
