5	1002289	1007702	1010922	1018763	1023004
5	1001937	1007350	1010479	1018427	1024270
5	1002184	1007545	1010752	1018660	1022857
6	1001992	1007452	1010615	1018481	1020094	1024435
5	1001296	1006712	1017785	1019711	1025083
4	1010880	1012372	1023803	1033065
4	1010559	1012160	1023501	1033169
5	1010756	1012317	1023679	1033205	1034060
4	1010645	1012162	1023575	1032977
3	1011460	1013088	1032300
4	1021916	1024859	1033204	1035722
3	1021618	1024658	1032861
4	1021852	1024800	1033118	1035636
3	1021639	1024695	1032903
3	1020961	1032223	1034825
7	1013258	1020047	1027249	1028565	1033651	1044214	1064297
6	1012877	1019796	1027053	1030671	1043879	1063879
6	1013085	1019905	1027133	1030787	1044052	1064091
7	1013003	1019894	1027129	1030898	1033426	1043997	1064035
5	1019108	1026343	1030056	1032636	1063275
3	1017595	1025994	1028244
3	1017353	1025750	1027867
3	1017487	1025945	1028161
3	1017412	1025748	1027923
3	1016664	1025058	1027239
5	1011628	1015774	1035940	1046576	1050884
5	1011279	1015394	1035545	1046213	1050467
5	1011494	1015635	1035752	1046386	1050705
5	1011368	1015476	1035716	1046362	1050597
4	1010643	1014763	1045587	1049868
3	1012614	1027659	1030399
3	1012219	1027352	1030184
3	1012457	1027547	1030318
3	1012333	1027425	1030208
2	1011606	1029476
5	1016875	1019875	1030869	1056062	1071679
5	1016426	1019623	1030506	1055737	1071298
5	1016625	1019790	1030638	1055909	1071257
5	1016636	1019694	1030696	1055840	1071681
4	1015843	1029877	1055089	1070679
4	1011793	1016806	1022707	1028397
5	1011366	1016550	1017385	1022432	1024781
6	1011581	1016691	1017548	1022627	1024980	1029474
5	1011529	1016609	1017395	1022460	1028047
4	1010762	1015863	1021757	1027381
8	1001344	1008388	1009494	1018721	1022655	1032586	1036440	1041791
7	1000979	1007990	1008816	1018460	1022377	1027820	1041325
8	1001201	1008245	1008967	1018633	1023881	1028292	1032439	1041600
8	1001077	1008084	1009223	1018500	1022369	1025488	1036198	1041467
8	1000353	1007378	1008530	1017776	1021708	1024758	1031591	1040738
2	1018366	1021285
2	1018127	1020999
2	1018290	1021147
2	1018156	1021077
1	1020583
9	1004110	1008213	1013641	1017940	1020416	1024119	1029789	1033755	1068413
7	1003642	1007846	1013297	1017717	1027269	1030581	1068501
7	1003854	1008011	1013545	1017873	1027574	1030795	1068258
9	1003860	1007992	1013354	1017736	1020195	1027368	1029596	1033634	1068646
6	1003063	1007220	1012660	1019455	1026685	1067748
4	955586	1024416	1028000	1035196
5	955865	1024182	1027651	1029262	1034938
4	955736	1024378	1025651	1035067
4	955664	1024197	1027763	1035017
4	1023441	1027016	1029174	1034252
2	1012458	1013326
3	1012111	1012952	1018313
2	1012323	1013116
3	1012199	1013568	1018361
4	1011467	1014845	1016067	1017605
3	1010906	1011944	1019281
4	1010651	1011614	1018888	1023368
3	1010797	1011820	1019132
4	1010703	1011693	1018989	1023441
3	1009965	1018269	1022709
9	998105	1009127	1010391	1016415	1021481	1029858	1033526	1039054	1048674
8	997908	1008861	1010321	1012654	1023540	1026687	1038722	1048408
9	998023	1009029	1010352	1021344	1023751	1026891	1033410	1035992	1048562
9	997937	1008907	1010301	1016150	1021242	1024856	1029547	1038805	1048478
9	997195	1008183	1012043	1015417	1020504	1024171	1028842	1032549	1038081
8	966960	1007262	1011051	1020426	1023069	1026940	1062848	1095622
8	966864	1006974	1010762	1012314	1020109	1024392	1062396	1095462
8	966732	1007214	1010896	1012503	1020333	1025810	1062652	1095643
9	967057	1006975	1011076	1013791	1020164	1022776	1027086	1062549	1095394
9	966104	1006308	1010356	1011720	1019454	1022119	1026347	1061808	1094727
7	1010078	1015779	1021431	1027553	1032077	1039715	1048588
7	1009706	1015569	1021025	1027287	1039326	1042331	1048246
7	1009931	1015776	1021312	1027369	1031951	1039593	1048522
8	1009805	1015529	1021105	1027478	1031917	1039394	1042384	1048253
4	1021467	1026801	1031141	1047603
4	1017863	1019310	1034882	1035995
4	1017634	1019123	1022147	1034495
5	1017816	1019112	1022211	1034727	1036020
3	1017634	1019108	1034601
4	1016937	1018820	1021538	1033878
6	1020905	1022179	1026892	1030999	1038570	1051607
5	1020685	1026685	1030823	1038333	1051412
6	1020820	1022112	1026797	1031039	1038511	1051518
5	1020720	1026730	1030752	1038334	1051457
6	1019980	1025977	1030107	1037642	1038904	1050700
5	1018585	1019863	1027318	1034500	1037286
4	1018356	1019640	1026048	1034164
5	1018505	1019813	1027204	1034371	1037273
4	1018399	1019641	1026147	1034245
5	1018933	1020978	1026361	1033524	1036315
6	1002828	1016629	1022915	1031188	1037678	1093071
6	1002749	1016473	1022482	1030733	1037451	1093059
6	1002805	1016558	1022754	1031003	1037645	1093161
6	1002715	1016500	1022596	1030879	1037439	1092919
6	1001974	1015743	1021884	1030139	1036754	1092251
3	1017244	1023585	1026454
4	1017032	1023373	1026130	1027928
3	1017193	1023559	1026351
4	1017032	1023353	1026188	1028020
3	1016326	1022671	1025483
2	1007138	1027351
2	1006822	1026888
2	1007017	1027227
2	1006893	1026963
2	1006168	1026306
5	978721	1004994	1008423	1016076	1026574
6	978332	1004742	1008014	1015697	1019844	1026272
6	978640	1004925	1008260	1015923	1019980	1026448
6	978361	1004762	1008132	1015786	1019855	1026352
6	977715	1004051	1007412	1015071	1019133	1025600
5	1015263	1016494	1029339	1032383	1036806
4	1015003	1029149	1032212	1036396
5	1015163	1016401	1029259	1032339	1036638
4	1015051	1029180	1032220	1036511
2	1028431	1031493
5	1012415	1020592	1021459	1026500	1034663
5	1011938	1020348	1021167	1034317	1037506
6	1012225	1020539	1021352	1026354	1034445	1039030
6	1012117	1020349	1021220	1023117	1034504	1037587
5	1011349	1019657	1021036	1025500	1036866
4	1015519	1016638	1024183	1039301
5	1015193	1016399	1019932	1023900	1039302
5	1015361	1016724	1020128	1024026	1039321
4	1015297	1016625	1024012	1039236
3	1016430	1019258	1023234
4	1010249	1017769	1039606	1050610
3	1010148	1017467	1050188
4	1010183	1017681	1039594	1050315
4	1010172	1017504	1039350	1050441
1	1016807
4	1001652	1021937	1038762	1050782
4	1001356	1021613	1038434	1050450
4	1001567	1021855	1038680	1050680
4	1001393	1021638	1038466	1050500
4	1000691	1020957	1037780	1049796
1	1046534
1	1046256
1	1046478
1	1046260
1	1045581
5	1013862	1015548	1028729	1031637	1037807
4	1013538	1015207	1028306	1037561
5	1013703	1015128	1028505	1031518	1037703
5	1013675	1015334	1028488	1031446	1037607
5	1012879	1014581	1027710	1030701	1036874
3	1014161	1018977	1019714
3	1013891	1018632	1021975
3	1014082	1018882	1019615
3	1013924	1018705	1021992
3	1013213	1018004	1021296
4	1009232	1018686	1040637	1056944
4	1009006	1018322	1040396	1056580
4	1009198	1018540	1040520	1056746
4	1008986	1018420	1040469	1056742
1	1017691
4	1015133	1017827	1021625	1037431
3	1014778	1017495	1037121
4	1014929	1017665	1021479	1037357
3	1014938	1017604	1037146
3	1016844	1020616	1036463
6	1008461	1012366	1013360	1021746	1038288	1039036
7	1008171	1012159	1015371	1019331	1024551	1038072	1038774
6	1008317	1012341	1013233	1019496	1021679	1038232
6	1008276	1012133	1015432	1019412	1024600	1038079
6	1007504	1012405	1015245	1019523	1023876	1037364
2	1021530	1025366
2	1021158	1025064
2	1021391	1025268
2	1021252	1025117
1	1024403
7	1002355	1009999	1013276	1023858	1026996	1034900	1039723
8	1001861	1005432	1009493	1012971	1023557	1030212	1034581	1039372
10	1002120	1005667	1009748	1013114	1015760	1023737	1024532	1030417	1034794	1039608
7	1002053	1005510	1009704	1013079	1023627	1034640	1039437
7	1001294	1008936	1012306	1015091	1022897	1026046	1038733
5	1009545	1010746	1021712	1042808	1043726
5	1009265	1010670	1021383	1042444	1043371
5	1009466	1010689	1021609	1042663	1043625
5	1009298	1010719	1021439	1042546	1043436
3	1008592	1020725	1041817
6	988473	1012212	1014422	1022860	1031544	1049541
6	988838	1011965	1014196	1022630	1031200	1049170
6	988662	1012149	1014332	1022781	1031396	1049392
6	988605	1011978	1014243	1022657	1031297	1049274
5	987829	1013497	1021936	1030562	1048540
3	1017826	1023496	1033205
4	1017531	1023244	1024427	1032805
3	1017753	1023402	1033093
4	1017557	1023309	1024473	1032870
3	1016861	1022569	1023741
8	1004577	1005872	1009119	1018104	1028613	1034614	1042379	1048278
8	1004388	1007431	1012361	1016690	1028181	1034385	1042004	1047849
7	1004515	1007538	1009031	1028497	1034522	1042191	1048105
8	1004401	1007461	1012511	1016698	1028252	1034420	1042156	1047969
8	1003670	1006734	1008160	1011707	1015960	1027586	1041374	1047253
6	1005326	1008177	1019260	1022399	1030919	1043846
7	1004963	1007801	1009511	1018976	1023283	1030439	1043599
6	1005185	1007955	1019170	1022266	1030692	1043731
6	1005063	1007959	1009550	1019011	1030614	1043665
4	1004334	1021406	1022628	1029866
5	1011798	1012990	1016837	1033443	1057422
5	1011504	1012250	1019657	1033057	1057164
4	1011669	1016729	1033280	1057374
5	1011587	1012905	1019654	1033176	1057164
4	1010828	1013437	1018943	1056469
2	1007119	1031141
2	1006788	1030792
2	1006987	1030983
2	1006887	1030907
2	1006134	1030155
8	993989	1004290	1009672	1012065	1018644	1020120	1040494	1044388
8	993768	1003896	1009314	1011813	1018603	1027556	1040222	1044207
9	994023	1004093	1009466	1012018	1018585	1021831	1027669	1040411	1044355
9	993687	1004049	1009464	1011815	1018606	1023923	1028455	1040252	1044182
9	993063	1003284	1008679	1017787	1020916	1023170	1026844	1039545	1044637
7	1008247	1010893	1017959	1023787	1026833	1038250	1065804
7	1008042	1010661	1017830	1019003	1023575	1038098	1065642
7	1008199	1010841	1017914	1021418	1026881	1038270	1065832
7	1008043	1010662	1017830	1018948	1023524	1038040	1065556
7	1007335	1009966	1017085	1018287	1022859	1027034	1037360
2	1023454	1024678
2	1023210	1024463
2	1023382	1024625
2	1023231	1024468
2	1022521	1023761
1	1020582
1	1020242
1	1020463
1	1020313
0
6	974763	998879	1019917	1022315	1030309	1047927
6	974531	998575	1019529	1022061	1030007	1047749
7	974647	975981	998766	1019843	1022261	1030241	1047925
6	974634	998627	1019557	1022049	1030031	1047705
4	997914	1018912	1021377	1029346
3	1015085	1022405	1023319
3	1014764	1022124	1023035
3	1014930	1022298	1023197
3	1014868	1022190	1023129
2	1014111	1021457
5	979137	1014280	1015182	1022007	1039521
7	979015	1014070	1014852	1017753	1024389	1027502	1039182
5	978876	1014264	1015006	1021838	1039395
6	979245	1014039	1014953	1017852	1027593	1039259
8	978223	1013365	1017103	1018519	1021071	1023749	1026790	1038536
4	1011429	1018016	1029857	1035651
6	1010988	1017804	1018784	1020650	1029544	1035224
4	1011275	1017940	1029707	1035481
6	1011097	1017825	1019114	1021697	1029654	1035343
4	1010396	1017074	1018406	1034620
8	976768	985923	989583	1009261	1018506	1019362	1022450	1026931
8	976483	985907	989367	1008956	1018244	1019296	1025343	1029133
8	976676	985891	989589	1009173	1018388	1019217	1022341	1026860
8	976526	985875	989318	1009000	1018310	1019561	1025344	1029244
7	975817	988668	1008295	1017558	1018882	1021505	1024642
6	1012961	1015669	1020077	1026283	1029748	1035810
6	1012732	1015455	1018007	1025978	1030705	1035466
6	1012842	1015573	1019914	1026187	1029571	1035683
6	1012800	1015528	1018152	1026030	1030749	1035561
3	1019072	1025305	1030019
3	1019316	1021122	1024865
2	1019116	1020890
3	1019270	1021033	1024804
2	1019115	1020933
2	1020194	1023942
5	1005977	1006877	1017932	1027240	1032228
7	1005634	1006423	1009265	1017667	1018904	1026778	1028133
5	1005883	1009424	1017861	1027057	1032087
7	1005679	1006466	1009377	1017686	1018948	1026915	1028237
6	1004995	1016988	1018259	1026202	1027486	1031221
2	1013952	1015086
3	1013793	1014838	1021127
2	1013894	1014982
3	1013807	1014879	1021180
2	1013060	1016737
4	1030232	1031301	1035622	1042807
3	1029865	1031516	1042388
4	1030090	1031315	1035467	1042611
3	1029964	1031789	1042531
3	1029240	1034602	1041784
2	1021070	1022356
2	1020772	1022154
2	1020913	1022322
2	1020878	1022153
1	1021455
7	1006853	1014228	1017732	1020232	1024798	1031102	1050220
6	1006385	1014038	1017502	1024511	1030735	1049925
7	1006593	1014186	1017671	1020108	1024646	1030990	1050145
6	1006604	1014032	1017533	1024622	1030806	1049949
4	1005811	1013322	1023846	1030098
7	994699	1006832	1016309	1017296	1022811	1025048	1047712
6	994342	1006671	1016127	1017113	1022580	1047342
7	994505	1006799	1016247	1017183	1022724	1024941	1047345
6	994492	1006658	1016134	1017186	1022620	1047672
5	993707	1005943	1015413	1021885	1046714
6	1012631	1018841	1022124	1028552	1031530	1086337
6	1012223	1018519	1021913	1028313	1032119	1086626
6	1012476	1018789	1022108	1028505	1031457	1086300
6	1012332	1018520	1021873	1028307	1032235	1086612
7	1011618	1017870	1021206	1027619	1031496	1032888	1085663
2	958965	1026608
2	958929	1026320
2	958999	1026525
2	958842	1026351
1	1025654
4	1021841	1024569	1041033	1082773
5	1021503	1024110	1026203	1040696	1082990
4	1021773	1024415	1040937	1082771
5	1021518	1024210	1025699	1040739	1082941
3	1020857	1023516	1082068
5	1010179	1011677	1015820	1020630	1041196
3	1009857	1011297	1040817
5	1010075	1011524	1015754	1020587	1041059
3	1009911	1011318	1040906
4	1014891	1019658	1021054	1040195
6	1009714	1014488	1015814	1021581	1025818	6227794
7	1009279	1014089	1015490	1021171	1022150	1029009	6227925
6	1009595	1014306	1015709	1021365	1029175	6228045
6	1009348	1014234	1015548	1021345	1025584	6227622
7	1014855	1020567	1021937	1024898	1028307	1030522	6227047
7	997397	1005205	1014525	1017629	1020343	1038450	1045375
7	997550	1005067	1014363	1024396	1028824	1038169	1045055
7	997370	1005246	1014541	1017469	1020278	1038428	1045286
8	997529	1004984	1014301	1024404	1028774	1038138	1045091	1051227
8	996644	1004324	1013639	1016558	1019396	1023655	1029186	1044407
4	1013698	1014953	1035076	1039724
6	1013497	1014607	1017313	1034745	1039408	1040130
5	1013632	1014750	1034931	1039545	1040437
5	1013513	1014770	1017382	1034839	1039546
3	1013974	1016687	1038756
7	1001364	1002678	1008342	1015771	1025153	1029867	1033899
7	1001158	1008099	1009321	1012611	1024843	1026174	1035545
7	1001305	1002587	1008246	1015797	1025084	1029795	1033774
7	1001163	1008140	1009321	1012851	1024858	1026225	1035650
8	1000450	1007407	1008624	1012057	1014864	1024166	1025488	1030543
6	987518	1014412	1019782	1021049	1025971	1034079
6	987298	1014006	1019556	1020262	1022930	1033735
6	987489	1014232	1019711	1020966	1023109	1033939
6	987280	1014136	1019570	1020746	1025761	1033827
6	986597	1013397	1018856	1022256	1025043	1033097
4	1011374	1022729	1024116	1027289
4	1011161	1022423	1023863	1030228
4	1011314	1022569	1024001	1027115
4	1011177	1022541	1023927	1030298
3	1021764	1026277	1029603
8	986748	1007952	1012773	1014816	1021028	1024672	1028696	1036888
8	987073	1007612	1012354	1014578	1017315	1020770	1028462	1036698
8	986774	1007824	1012585	1014783	1017566	1020920	1028585	1036810
8	986995	1007689	1012500	1014559	1020831	1024476	1028524	1036731
5	1011759	1013888	1016699	1027770	1035982
5	1012031	1015622	1018270	1020515	1041425
5	1011817	1015614	1020395	1023648	1041198
5	1011994	1015639	1018109	1020424	1041344
5	1011801	1015553	1017978	1023755	1041228
5	1011114	1014814	1019645	1022990	1040498
1	1020891
1	1020625
1	1020779
1	1020688
0
3	1014835	1016689	1023168
4	1014675	1016443	1022895	1026688
3	1014805	1016590	1023068
4	1014653	1016498	1022943	1026810
3	1013941	1022217	1026026
4	1013960	1015054	1020556	1032380
4	1013545	1016300	1017781	1031944
4	1013837	1015032	1017534	1032155
4	1013622	1016331	1020378	1032126
4	1012935	1015614	1019649	1031348
3	1017943	1018866	1025944
3	1017587	1018480	1025689
3	1017849	1018748	1025907
3	1017643	1018557	1025670
2	1018160	1025004
6	1017067	1020170	1025322	1031061	1034234	1037987
4	1016799	1019861	1025017	1030710
5	1016959	1020036	1021303	1030955	1035373
6	1016857	1019947	1025190	1030771	1033916	1037681
5	1016124	1019194	1024358	1030079	1033258
8	1014969	1017227	1028972	1030331	1036594	1039717	1054057	1065397
7	1014711	1016910	1028587	1030037	1036424	1037335	1065105
7	1014857	1017186	1028860	1030160	1036532	1053815	1065318
8	1014763	1016915	1028663	1030146	1036444	1039414	1053789	1065139
7	1014341	1016797	1029377	1035707	1038725	1039867	1064439
4	1015440	1019115	1029910	1033447
5	1015151	1018771	1023817	1029574	1033132
6	1015358	1018993	1023933	1029753	1033324	1045381
5	1015192	1018844	1029680	1033211	1045331
3	1018133	1028927	1032481
7	1005849	1009687	1012231	1014724	1023771	1031585	1036791
6	1005499	1009246	1011908	1023447	1031236	1036419
7	1005644	1009518	1012063	1014629	1023652	1031468	1036666
5	1005663	1009369	1012043	1031304	1036508
5	1004862	1008655	1011259	1013799	1030596
4	1010602	1020309	1022377	1027856
4	1010226	1020054	1022121	1024648
4	1010471	1020239	1022268	1024893
4	1010309	1020121	1022192	1027609
5	1009600	1019343	1021431	1024021	1026885
7	978510	980208	1002046	1008576	1016167	1019775	1058987
7	978684	979682	1001848	1008297	1015966	1019558	1058692
7	978612	980393	1001752	1008510	1016043	1019715	1058980
7	978529	980402	1002113	1008315	1016046	1019559	1058649
4	1007622	1015255	1020525	1058028
4	1013099	1015212	1019286	1033246
5	1012691	1014766	1017452	1023019	1032881
6	1012911	1014984	1017654	1023194	1025836	1033092
4	1012834	1014957	1018952	1032977
7	1012083	1014176	1016778	1022336	1023936	1026864	1032245
4	994089	1013973	1020086	1021254
4	993943	1013656	1019881	1020969
4	993957	1013834	1020088	1021205
4	994034	1013748	1019833	1020956
3	993204	1013003	1019175
5	1002505	1012040	1022892	1026593	1028767
4	1002286	1011657	1022526	1026253
5	1002439	1011880	1022799	1026493	1028588
4	1002301	1011767	1022571	1026298
3	1011037	1021897	1025607
5	998791	1013889	1014702	1027051	1032560
6	998594	1001685	1013586	1014455	1026883	1032301
5	998763	1013764	1014604	1026997	1032550
5	998592	1013651	1014503	1026892	1032269
4	997859	1013779	1016534	1026162
4	1016924	1025277	1027710	1032146
3	1016659	1024932	1027442
4	1016798	1025174	1027674	1031954
3	1016738	1024987	1027432
4	1015979	1024293	1026769	1031150
3	1010260	1016412	1022958
3	1009997	1016141	1022708
3	1010240	1016293	1022889
3	1009968	1016210	1022730
3	1009317	1015463	1022020
4	1020995	1028302	1031063	1046573
4	1020664	1027997	1031887	1046249
4	1020829	1028184	1030935	1046528
5	1020785	1028066	1030679	1032136	1046237
3	1020015	1031308	1045600
8	1003262	1010808	1011600	1014898	1016939	1024799	1046929	1049357
6	1002685	1010618	1011339	1024483	1046915	1049044
7	1002969	1010679	1011526	1016799	1024628	1046964	1049203
7	1002937	1010695	1014651	1018194	1024613	1046827	1049157
6	1002163	1009899	1013904	1017417	1023831	1048346
3	1013049	1024230	1030090
3	1012673	1023925	1029817
3	1012882	1024145	1029986
3	1012797	1023962	1029862
2	1023267	1029138
4	1012189	1015726	1020738	1024199
4	1011861	1015652	1016690	1020461
4	1012115	1015706	1020626	1024003
5	1011876	1015615	1016689	1020502	1024951
3	1015934	1020492	1024169
7	1005756	1006874	1016813	1019204	1022168	1031098	1038532
6	1005418	1016441	1018889	1025397	1030805	1038099
7	1005603	1006626	1016635	1019084	1025569	1030992	1038336
7	1005522	1006866	1016572	1020728	1025440	1030856	1038247
6	1004765	1015818	1018893	1024718	1030139	1037505
4	1015653	1016800	1035417	1036421
6	1015365	1016516	1019263	1035023	1036099	1038446
6	1015505	1016622	1019287	1035312	1036305	1038720
4	1015474	1016627	1035079	1036133
4	1014688	1015844	1017348	1034407
4	1013291	1014339	1021101	1033329
5	1012873	1014342	1016927	1026406	1032040
5	1013218	1014272	1020920	1032222	1033270
5	1012894	1014436	1016944	1026422	1032011
5	1012272	1016244	1020138	1023794	1031337
4	1017544	1018894	1024335	1029851
4	1017103	1018553	1023991	1029556
4	1017371	1018747	1024212	1029795
5	1017228	1018625	1024044	1029559	1032609
3	1017919	1023353	1028891
6	1016730	1018657	1022964	1028235	1032047	1045819
6	1016468	1018310	1022672	1027859	1031758	1045585
5	1016646	1018552	1022848	1028112	1045833
6	1016498	1018382	1022740	1027969	1031841	1045526
5	1015786	1017678	1022016	1027245	1031391
3	1015126	1040721	1043522
2	1014862	1040361
2	1015024	1040573
2	1014909	1040461
2	1014181	1039728
2	1015394	1016650
3	1015129	1016560	1018955
2	1015292	1016612
3	1015183	1016524	1019019
1	1018322
4	1004514	1013366	1033466	1043887
4	1004266	1013071	1033162	1043711
4	1004389	1013204	1033326	1043872
4	1004348	1013188	1033253	1043681
3	1003584	1012410	1032503
2	1015034	1039353
2	1014704	1038963
2	1014937	1039174
2	1014757	1039094
2	1014055	1038347
6	1006466	1010088	1014587	1017114	1040805	1041810
6	1006095	1009859	1014345	1021148	1040457	1041957
6	1006270	1009907	1014478	1021313	1040627	1041971
6	1006248	1010001	1014397	1021209	1040591	1041880
5	1009162	1015472	1020481	1022749	1039810
3	1020821	1024628	1031651
3	1020495	1024204	1031414
3	1020704	1024423	1031599
3	1020566	1024369	1031459
2	1019848	1023605
8	1006533	1012171	1013481	1016088	1019929	1024879	1030915	1058858
6	1006205	1011885	1013141	1022818	1027189	1059132
7	1006421	1012115	1013394	1016002	1024715	1029306	1058827
7	1006269	1011898	1013183	1016795	1027254	1030723	1059112
7	1005555	1011218	1012512	1018269	1023920	1026562	1058176
8	1005722	1006727	1015224	1024372	1029677	1048660	1049782	1065169
8	1005390	1006414	1014854	1018178	1024077	1025253	1048279	1064855
8	1005542	1006621	1015033	1024227	1029566	1048551	1049749	1065130
8	1005524	1006466	1014997	1018225	1024124	1025378	1048341	1064843
6	1004744	1014230	1017531	1024663	1028703	1047656
7	989199	1007795	1012414	1019152	1027564	1032956	1043322
7	988769	1007507	1012172	1018835	1027244	1032611	1043020
8	989016	1007641	1012323	1019052	1021164	1027509	1032830	1043237
7	988910	1007611	1012219	1018888	1027251	1032673	1043061
6	988173	1006840	1018182	1020286	1026594	1031973
9	984197	1011779	1013013	1020233	1024373	1032935	1038728	1047098	1053298
10	983887	1011416	1012671	1016808	1019940	1032601	1038397	1046800	1047641	1052845
9	984088	1011638	1012858	1020137	1024191	1032841	1038557	1047024	1053089
10	983951	1011514	1012806	1016881	1019989	1032632	1038518	1046822	1047680	1053009
6	983234	1012049	1016162	1019275	1037754	1046140
3	1022889	1024970	1029602
3	1022626	1024528	1032118
3	1022772	1024796	1032169
3	1022693	1024657	1029407
4	1023944	1025381	1028584	1031355
6	1003003	1015046	1016929	1023207	1027794	1034794
7	1002708	1003439	1014731	1016581	1021398	1027463	1034538
6	1002906	1014962	1016818	1021630	1027636	1034686
5	1002748	1014772	1016649	1027542	1034590
6	1002042	1015949	1020808	1022228	1026808	1033858
4	1003106	1019154	1025378	1027244
4	1003156	1018822	1025029	1026966
5	1003155	1004468	1018986	1025197	1027178
4	1003048	1018949	1025192	1026987
2	1024386	1026292
4	1018332	1019672	1030166	1032858
4	1018091	1019423	1029740	1033423
4	1018294	1019395	1029928	1032645
4	1018103	1019467	1029949	1033515
3	1017376	1019438	1031851
6	1003981	1009261	1016372	1022055	1024145	1044410
6	1003733	1008892	1016069	1016874	1021839	1044152
5	1003911	1009120	1016247	1021954	1044320
6	1003757	1008985	1016145	1021900	1023970	1044188
4	1008267	1016152	1023179	1043466
4	1009780	1012986	1018771	1029524
6	1009389	1012739	1013467	1018411	1022379	1029309
4	1009688	1012928	1018642	1029457
4	1009436	1012746	1018486	1029324
5	1012048	1017774	1019183	1021729	1028596
5	1012500	1013668	1017038	1034927	1036181
4	1012203	1014020	1034561	1035975
5	1012404	1014244	1016894	1034791	1036114
4	1012251	1014089	1034656	1036005
3	1011541	1016074	1035280
2	1026606	1030197
3	1026262	1029812	1031533
2	1026433	1030067
3	1026388	1029898	1031687
3	1025625	1029195	1030926
7	1009045	1013483	1020932	1026835	1028881	1060610	1061815
8	1008833	1009568	1013239	1020660	1023003	1026595	1060286	1061705
6	1008971	1013435	1020850	1026736	1060455	1061812
7	1008855	1013224	1020689	1022971	1026636	1060388	1061751
6	1008127	1012549	1019989	1022287	1025900	1059632
4	1010920	1011704	1027036	1028317
5	1010424	1011210	1026694	1028051	1034664
5	1010738	1011483	1026866	1028191	1034861
5	1010561	1011347	1026810	1028143	1034791
3	1009865	1027386	1029054
4	1009141	1026899	1039483	1040816
4	1008672	1026640	1039174	1040565
4	1008999	1026800	1039350	1040655
4	1008767	1026691	1039254	1040694
3	1008093	1038513	1039892
1	1067083
1	1066817
1	1067085
1	1066766
1	1066137
6	1000799	1013917	1022726	1025016	1037101	1041379
7	1000663	1013834	1022560	1024796	1029120	1036805	1041175
6	1000808	1013902	1022681	1024967	1036976	1041339
7	1000606	1013794	1022555	1024802	1029171	1036873	1041177
7	999919	1013063	1021834	1024083	1028480	1036143	1040467
3	1022316	1027402	1036045
3	1021888	1027203	1035749
3	1022197	1027374	1035928
3	1021982	1027187	1035821
3	1026497	1029278	1035089
5	1007644	1009435	1016323	1019180	1027652
4	1007330	1009119	1016109	1027328
5	1007520	1009299	1016250	1019089	1027575
4	1007408	1009219	1016130	1027361
3	1015407	1018242	1026678
3	1017044	1019791	1028078
4	1016690	1019408	1021771	1027633
4	1016891	1019603	1021912	1027889
3	1016796	1019553	1027785
1	1021092
7	1016731	1021522	1023365	1025220	1031743	1035290	1038857
5	1016534	1021179	1023115	1031447	1038547
5	1016697	1021391	1023307	1031641	1035240
5	1016520	1021270	1023141	1031498	1038603
5	1015823	1020549	1022434	1034316	1037887
4	999323	1017967	1018936	1021751
4	998991	1017659	1018699	1024361
3	999191	1017895	1018915
4	999070	1017688	1018679	1024343
3	998345	1017003	1019634
6	997882	1001969	1014027	1017808	1025160	1035667
6	997573	1001711	1013686	1017429	1024914	1035333
6	997734	1001829	1013957	1017597	1025074	1035485
6	997679	1001812	1013711	1017596	1024963	1035470
5	996911	1001032	1013044	1016806	1034688
5	1012902	1014246	1018916	1021630	1030571
3	1012699	1015770	1030189
5	1012832	1015888	1018775	1021453	1030431
4	1012712	1015845	1018782	1030282
5	1011968	1015076	1017957	1023785	1029569
5	1014449	1023163	1028593	1029696	1038062
6	1014280	1022900	1028273	1030884	1037696	1053111
6	1014351	1023077	1028454	1031117	1037883	1053280
6	1014336	1022942	1028362	1030896	1037820	1053227
3	1013555	1027618	1030224
7	980927	999488	1004917	1006629	1011542	1018731	1024833
8	980761	999227	1004726	1006346	1012593	1018521	1024587	1027816
8	980888	999397	1004935	1006542	1012573	1018746	1024768	1027988
8	980750	999269	1004658	1006388	1011208	1018481	1019195	1024588
8	980024	998536	1004012	1005671	1013057	1017817	1023894	1027080
2	1011363	1028707
2	1011249	1028298
2	1011308	1028501
2	1011256	1028454
2	1010496	1027690
5	996917	1014875	1016746	1020983	1040893
5	996452	1014518	1016276	1020785	1040355
6	996720	998016	1014753	1016553	1020968	1040701
5	996606	1014590	1016461	1020757	1040501
4	995875	1013885	1021040	1039817
6	999743	1010800	1011808	1017292	1028068	1032841
6	999478	1010564	1011494	1016989	1027802	1032572
6	999618	1010650	1011629	1017129	1028035	1032767
6	999554	1010666	1011648	1017130	1027795	1032599
1	1010853
4	1003896	1016535	1021056	1053066
4	1003490	1016184	1020792	1052549
4	1003687	1016385	1020941	1052822
4	1003660	1016285	1020847	1052744
4	1002886	1015551	1020113	1051997
3	1021814	1026836	1030910
3	1021523	1026577	1030529
3	1021662	1026766	1030681
3	1021627	1026591	1030717
2	1020856	1029912
2	1044515	1045472
1	1044014
2	1044338	1045571
1	1044141
1	1043455
4	1003876	1031994	1033723	1045299
4	1003447	1031725	1033478	1044866
4	1003653	1031871	1033660	1045084
4	1003629	1031792	1033491	1045029
3	1002852	1031048	1032805
4	1004530	1019566	1020646	1031280
4	1004287	1019187	1020254	1031026
4	1004477	1019377	1020471	1031228
4	1004300	1019326	1020365	1031029
3	1018562	1021975	1030344
6	1014055	1015157	1023834	1024702	1029166	1042384
7	1013677	1014906	1017296	1023475	1028130	1032847	1042017
6	1013776	1015085	1023691	1028022	1033125	1042269
7	1013912	1014924	1023572	1024433	1029291	1035197	1042080
5	1022847	1029625	1032209	1034476	1041393
4	1012708	1015494	1019013	1028040
3	1012370	1015231	1026561
4	1012515	1015344	1020826	1026737
4	1012521	1015285	1022886	1027727
5	1011727	1014530	1015759	1022914	1025902
5	1006332	1009812	1012422	1026963	1030178
6	1006240	1012137	1013302	1014409	1026578	1029761
4	1006324	1008259	1027130	1029985
5	1006205	1012239	1014621	1027105	1029887
4	1005475	1011462	1012633	1026330
8	1014332	1016311	1022804	1024992	1031203	1035510	1087986	1089361
7	1013952	1016090	1022485	1030923	1032243	1088379	1089738
8	1014149	1016203	1022702	1024903	1031172	1035416	1088219	1089553
7	1014087	1016147	1022527	1030907	1032332	1088104	1089467
5	1013332	1015388	1022698	1031606	1034575
5	1015264	1022258	1028435	1033297	1035692
5	1014974	1021948	1028116	1029234	1033012
5	1015177	1016415	1022145	1028258	1033189
5	1015018	1022013	1028255	1033067	1035487
3	1021294	1027470	1032343
6	1011970	1013857	1020891	1025320	1029821	1036493
6	1011568	1013520	1017733	1024950	1029575	1036214
7	1011827	1013783	1017895	1020648	1025151	1029705	1036396
6	1011658	1013565	1017790	1025054	1029627	1036255
6	1010955	1013614	1017057	1024316	1025520	1028885
3	1025044	1030926	1040790
4	1024715	1030459	1031809	1040336
3	1024960	1030802	1040637
4	1024754	1030694	1031999	1040441
3	1024066	1029850	1039748
7	1005033	1012889	1016854	1017886	1022665	1027915	1033863
5	1004695	1012701	1016484	1021165	1030824
6	1004905	1012882	1016701	1022459	1027836	1033668
5	1004769	1012669	1016584	1021251	1030920
7	1004055	1011987	1015857	1017404	1026987	1030168	1032857
3	1017131	1028018	1030621
3	1016740	1027763	1030314
3	1017082	1027916	1030474
3	1016761	1027812	1030408
3	1016126	1027080	1029661
6	1015682	1017467	1025272	1026816	1057230	3749574
7	1015282	1016074	1024910	1028424	1033085	1056876	3749643
8	1015565	1017234	1019206	1025114	1028781	1033324	1057080	3749602
8	1015365	1016108	1025012	1026577	1030476	1035696	1056974	3749559
7	1014675	1016501	1018824	1024281	1032432	1056241	3748792
4	1000925	1002151	1031132	1034213
3	1000616	1030742	1033883
3	1000781	1030966	1034072
3	1000712	1030860	1033988
3	999953	1030128	1033237
1	1015768
1	1015420
1	1015654
1	1015486
1	1014786
2	1023663	1024580
2	1023284	1024149
2	1023519	1024454
2	1023383	1024397
2	1022662	1026016
4	1013348	1014098	1020187	1028006
4	1013041	1013801	1019856	1027751
4	1013244	1013989	1019999	1027919
4	1013097	1013855	1020009	1027791
4	1013146	1014369	1019214	1027070
5	998200	1023486	1025379	1032314	1070163
6	997906	1023113	1023815	1025181	1032124	1069897
5	998120	1023284	1024018	1032233	1069919
5	997937	1023267	1024383	1032163	1070102
4	997242	1023154	1031410	1069218
5	1013556	1018302	1037184	1044166	1045160
4	1013224	1017997	1036933	1043673
4	1013416	1018201	1037165	1043956
4	1013311	1018054	1036901	1043824
4	1012582	1017338	1036248	1043106
4	1017178	1018413	1028759	1046676
6	1010931	1016892	1018550	1022472	1028506	1046442
5	1017115	1018335	1022599	1028683	1046536
4	1016962	1018634	1028524	1046535
3	1016178	1021756	1028064
3	1015513	1021212	1032891
3	1015132	1020896	1032544
3	1015393	1021153	1032793
4	1015205	1020908	1025795	1032593
3	1014513	1020247	1031905
5	998926	1000157	1011588	1021931	1024405
5	998658	1000106	1011314	1012951	1021613
7	998884	1000015	1011525	1013214	1015742	1021850	1027877
6	998651	1011326	1012969	1021643	1024041	1028628
6	997976	1010637	1012304	1015443	1020932	1027012
6	1010984	1012297	1017813	1021745	1030962	1041094
7	1010755	1011992	1017548	1019754	1030711	1034186	1040738
6	1010993	1012144	1017742	1021616	1030888	1040994
7	1010708	1012017	1017582	1019882	1030729	1034243	1040799
5	1010059	1016875	1020767	1030025	1040109
7	1008832	1010822	1017161	1022959	1027203	1033492	1036086
6	1008552	1010626	1016840	1022810	1026897	1033227
7	1008773	1010749	1017067	1022955	1027132	1033421	1036013
6	1008566	1010654	1016887	1022762	1026914	1033265
6	1009918	1016197	1022067	1026233	1032554	1035147
4	1009019	1019194	1019941	1028511
4	1008724	1018967	1021188	1028230
4	1008970	1019135	1021158	1028409
4	1008729	1018975	1019715	1028281
4	1008057	1018956	1021400	1027559
5	1015410	1021558	1023053	1030003	1035234
5	1014980	1021456	1022846	1029747	1032505
4	1015144	1021535	1022896	1029935
6	1015204	1021434	1022830	1029764	1031187	1035006
5	1014387	1020692	1029063	1031862	1033009
10	1003327	1007161	1008404	1013750	1019512	1020809	1026507	1031135	1041605	1044825
8	1002991	1006946	1013523	1019278	1026193	1030832	1033299	1041330
10	1003214	1007068	1008304	1013709	1019429	1020920	1026422	1031054	1041514	1044713
8	1003058	1006985	1013519	1019337	1026225	1030867	1033379	1041371
7	1002348	1012828	1018547	1020138	1032665	1040655	1043874
5	1007267	1008734	1020437	1027568	1036285
5	1006940	1008434	1020143	1027303	1036044
5	1006910	1008429	1020384	1027459	1036193
5	1007250	1008757	1020148	1027369	1036081
2	1019481	1026626
4	1016875	1022538	1029954	1035333
4	1016546	1022188	1029761	1034971
4	1016775	1022413	1029933	1035208
5	1016594	1022262	1029722	1030864	1035056
4	1015896	1021544	1029042	1034330
0
0
0
0
0
4	1015055	1019948	1021213	1028348
3	1014774	1019667	1028088
4	1014981	1019879	1021139	1028329
3	1014799	1019688	1028061
2	1018962	1027406
5	1009260	1010861	1018134	1037328	1038505
5	1009352	1011078	1017899	1037024	1038445
5	1009327	1011054	1018097	1037191	1038526
5	1009226	1011134	1017884	1037118	1038444
3	1010437	1017205	1036367
3	1016091	1017114	1053932
3	1015813	1016573	1053252
4	1015964	1017034	1022850	1053487
3	1015885	1016870	1053660
3	1015134	1018503	1052786
4	1017856	1018920	1024767	1033620
4	1017533	1018616	1024410	1033331
4	1017771	1018843	1024574	1033557
4	1017572	1018646	1024567	1033348
4	1016887	1019879	1023712	1032666
1	1017173
2	1014945	1016879
1	1017046
1	1016956
1	1016214
7	947436	1009841	1011659	1015333	1023845	1029874	1050919
6	947416	1009498	1011441	1023482	1029487	1050587
7	947062	1009771	1011635	1015349	1023672	1029731	1050805
7	947750	1009526	1011421	1023603	1024749	1029575	1050654
4	1014436	1022852	1028858	1049941
4	1017054	1021073	1025590	1035189
4	1016859	1020808	1025246	1034999
4	1017004	1021045	1025476	1035180
4	1016857	1020802	1025307	1034978
2	1016147	1024612
5	1011958	1025647	1027896	1031094	1039151
5	1011643	1025393	1027540	1031559	1038828
5	1011843	1025545	1027816	1031024	1039030
5	1011705	1025448	1027577	1031607	1038900
3	1010989	1026906	1030877
3	1021306	1034744	1036565
3	1021124	1034502	1036262
3	1021306	1034670	1036494
3	1021080	1034528	1036286
2	1020398	1035603
6	995504	1019278	1033771	1035061	1043526	1087758
6	995225	1019064	1033340	1034752	1043315	1087624
6	995414	1019199	1033575	1034976	1043431	1087593
5	995262	1019091	1033489	1034783	1043346
5	994551	1018360	1032742	1042604	1086864
4	1008747	1015267	1021934	1025455
4	1008423	1015077	1021565	1024867
4	1008677	1015173	1021821	1025196
4	1008443	1015134	1021650	1025088
3	1007770	1014366	1024357
3	1020657	1021833	1032287
3	1020342	1021821	1031902
3	1020556	1021771	1032096
3	1020397	1021817	1032049
1	1019681
6	1009142	1010991	1012994	1018486	1031994	1036020
5	1008893	1010814	1015647	1031617	1035741
5	1009096	1010985	1018375	1031868	1036024
5	1008891	1010784	1015772	1031696	1035682
5	1010093	1012283	1014980	1030998	1035067
5	1005628	1012583	1015657	1023476	1033907
5	1005262	1012301	1015408	1023200	1033600
5	1005448	1012529	1015548	1023424	1033816
5	1005398	1012325	1015441	1023208	1033639
4	1004635	1011881	1014711	1032943
4	1017213	1018876	1021815	1032532
4	1016999	1018558	1024510	1032304
5	1017192	1018685	1021747	1025955	1032488
4	1016966	1018721	1024523	1032303
4	1017922	1020921	1023821	1031608
4	1026333	1032268	1034616	1039913
4	1026018	1032039	1034240	1039713
4	1026225	1032219	1034480	1039918
4	1026079	1032029	1034334	1039658
3	1025365	1033618	1038999
6	1020314	1022821	1027886	1031103	1037814	1044767
5	1019986	1022543	1027647	1037410	1044444
6	1020212	1022731	1027833	1030976	1037704	1044601
6	1020041	1022578	1027635	1030873	1037474	1044564
5	1019335	1026944	1030141	1036805	1043796
1	1021307
1	1021392
1	1021410
1	1021231
0
8	990137	1015198	1022686	1024022	1029015	1034541	1045241	1048212
7	990062	1014900	1022365	1025769	1030243	1036106	1044905
9	990002	1015111	1016943	1022599	1024210	1028949	1034460	1045141	1048110
7	990149	1014933	1022397	1023877	1025695	1030342	1044961
6	1014821	1022211	1028056	1029614	1033603	1044242
4	1003927	1018479	1020976	1036592
4	1003460	1018285	1020797	1036340
4	1003732	1018455	1020791	1036581
4	1003605	1018240	1020761	1036303
2	1002884	1035654
3	1027017	1029559	1033785
3	1026775	1029403	1033560
3	1026948	1029549	1033719
3	1026802	1029364	1033578
1	1026067
1	976947
1	976701
1	976785
1	976826
1	976015
1	1025380
1	1025023
1	1025258
1	1025099
1	1024390
1	1021155
1	1020827
1	1021044
1	1020889
1	1020174
5	993520	1015436	1022420	1025863	1034299
5	992988	1015086	1022186	1025553	1033967
5	993234	1015317	1022295	1025758	1034113
5	993237	1015155	1022268	1025612	1034105
4	992449	1021497	1024897	1033322
6	1007986	1020276	1021607	1026545	1032860	1037298
4	1008094	1020084	1023073	1026239
6	1008031	1020262	1023174	1026371	1032773	1037247
5	1007998	1020051	1023051	1026344	1032641
5	1007224	1022726	1025576	1031921	1036399
3	1022091	1031560	1032820
3	1021868	1031316	1032683
3	1022050	1031501	1032742
3	1021884	1031323	1032752
2	1021180	1030621
9	997622	1009853	1011112	1016174	1021159	1025443	1052254	1053273	1076202
9	997319	1009591	1011169	1015816	1019146	1029383	1051942	1052803	1076364
10	997551	1009818	1011012	1016098	1019217	1022750	1027633	1052224	1053109	1076096
10	997346	1009582	1011197	1015860	1020897	1025195	1029423	1051919	1052828	1076425
6	1008886	1010466	1015191	1018391	1025471	1028693
6	1017644	1018648	1026024	1032102	1033244	1047051
5	1017328	1018301	1025642	1031649	1046685
6	1017560	1018508	1025888	1031890	1033189	1046984
5	1017365	1018400	1025739	1031819	1046709
5	1016673	1025020	1026168	1031058	1034098
7	1003009	1004044	1009520	1015146	1019752	1026692	1031937
6	1002551	1003701	1009308	1014927	1026496	1031616
8	1002780	1003789	1009457	1015107	1016346	1021224	1026641	1031800
7	1002733	1003983	1009466	1014917	1019630	1026485	1031716
5	1001965	1014228	1015637	1018852	1025782
6	1020328	1023823	1026413	1029247	1038069	1048313
6	1020034	1023580	1026133	1032885	1037922	1047955
6	1020254	1023724	1026342	1029134	1038100	1048267
6	1020060	1023622	1026142	1032996	1037827	1047954
4	1022891	1025457	1032257	1047321
6	1009822	1018086	1020147	1030045	1034947	1062397
8	1009544	1017784	1019862	1025503	1029776	1034475	1039549	1062086
6	1009745	1017971	1020019	1027550	1034792	1062350
8	1009572	1017848	1019945	1025570	1029814	1034649	1039541	1062075
6	1008871	1017119	1019178	1024837	1029096	1033904
4	1017395	1022127	1025089	1037022
4	1017195	1021872	1024748	1036696
4	1017347	1022048	1024924	1036961
5	1017194	1021914	1024850	1025523	1036709
4	1016477	1021193	1024103	1036047
4	1012186	1013335	1016503	1021372
3	1011840	1013077	1021078
4	1012028	1013196	1016443	1021310
3	1011957	1013168	1021092
2	1011206	1020419
4	1010095	1025529	1031012	1032060
4	1009688	1025202	1030610	1031870
4	1009949	1025404	1030838	1031996
4	1009784	1025278	1030734	1032086
2	1009081	1024552
5	1006241	1007438	1024305	1028032	1057793
6	1006671	1007983	1024087	1027683	1031204	1057476
6	1006292	1007430	1024263	1027867	1028918	1057488
6	1006582	1007893	1024071	1027798	1031334	1057749
3	1027047	1030563	1056810
9	983962	1005150	1006156	1013261	1016891	1020869	1027697	1035250	1039174
8	984249	1004756	1005802	1008713	1019481	1027330	1035030	1038856
9	983864	1004968	1006042	1013082	1016817	1020769	1027563	1035200	1039045
8	984304	1004895	1005866	1008674	1019503	1027400	1035029	1038937
8	983294	1004144	1007974	1012261	1015926	1019921	1026684	1034326
2	1009500	1018910
2	1009213	1018576
2	1009358	1018780
2	1009312	1018650
2	1008532	1017930
2	1012358	1016163
2	1011992	1015739
2	1012182	1015987
2	1012122	1015870
1	1011365
5	1013069	1015183	1025312	1032452	1037998
5	1012848	1014794	1025022	1032210	1037645
5	1013006	1015047	1025197	1032336	1037843
5	1012856	1014872	1025085	1032278	1037760
3	1012147	1024355	1031523
2	1018461	1021014
3	1018076	1020800	1023599
3	1018335	1020914	1023773
2	1018158	1020880
2	1017452	1020101
4	1024264	1025509	1030622	1036648
3	1024031	1030259	1036374
4	1024150	1025461	1030477	1036611
3	1024098	1030356	1036362
3	1023332	1029631	1035698
2	1009584	1028461
2	1009341	1028144
2	1009385	1028278
2	1009503	1028280
2	1008651	1027488
8	992392	998339	999084	1011534	1012672	1031268	1034612	1051707
8	992636	998122	1011183	1012479	1016557	1030920	1034596	1051212
9	992424	998310	999054	1011401	1012622	1016759	1031209	1034606	1051529
8	992564	998097	998872	1011263	1012488	1030930	1034548	1051337
5	991679	997425	1015904	1033786	1050647
0
0
0
0
0
07/19/2017 13:15:43	07/19/2017 13:21:33
