3	1011824	1024389	1046327
3	1011495	1024142	1045841
3	1011675	1024220	1046107
3	1011613	1024270	1046012
2	1023454	1045275
5	1017900	1021179	1025606	1028974	1037518
4	1017606	1020889	1021912	1037197
5	1017783	1021092	1025442	1028683	1037326
5	1017675	1020926	1021952	1026985	1037352
4	1016943	1020219	1026208	1036549
6	1000116	1001257	1015114	1016490	1021451	1033708
5	999757	1014709	1021139	1023530	1033345
7	999906	1001332	1014942	1015810	1021306	1023716	1033523
5	999931	1014843	1015677	1021221	1033483
3	999128	1014617	1020479
6	1012709	1015026	1021848	1027161	1045191	1064990
6	1012284	1012999	1021613	1026910	1044926	1064763
6	1012542	1014945	1021729	1027079	1045048	1064894
6	1012402	1014706	1021667	1026945	1045024	1064813
5	1012354	1014043	1020913	1026225	1044243
5	1013168	1016242	1025342	1029850	1044002
4	1012869	1015834	1025051	1043610
5	1013117	1016054	1025245	1029683	1043813
5	1012873	1015962	1025100	1025836	1043757
5	1012208	1015224	1024386	1028846	1042992
8	986177	1012952	1014130	1023983	1027957	1030557	1045075	1088770
6	985873	1012611	1013434	1023720	1044625	1088646
9	985931	1012851	1013803	1016644	1023881	1027837	1030411	1044900	1088737
6	986079	1012677	1014067	1023773	1044755	1088635
7	985213	1011950	1024344	1027968	1029568	1044037	1087899
8	975508	1002461	1012102	1015896	1018647	1020507	1030928	1038115
8	975333	1002050	1011745	1015618	1018335	1030769	1032025	1037898
8	975447	1002291	1012015	1015812	1018546	1020593	1030926	1038027
8	975345	1002175	1011787	1015650	1018386	1030709	1032097	1037928
5	974610	1001444	1011117	1014940	1017678
3	1013418	1029680	1030389
2	1013177	1029323
2	1013381	1029577
3	1013170	1029376	1030104
1	1012486
4	1015008	1018268	1027227	1030457
4	1014723	1018009	1026883	1027677
4	1014930	1018174	1027079	1030364
4	1014753	1018046	1026993	1027969
4	1014052	1017327	1026250	1029479
4	1013395	1014507	1029277	1038316
4	1013011	1017520	1028898	1037961
5	1013188	1014552	1017585	1029135	1038201
4	1013172	1014503	1028991	1038027
2	1028276	1037325
5	1020209	1021301	1027902	1031319	1039032
4	1019843	1020874	1027659	1038768
5	1020090	1021089	1027858	1031299	1038927
4	1019918	1023035	1027661	1038819
4	1019211	1022328	1030382	1038087
3	1014464	1023510	1024749
3	1014172	1023262	1026890
3	1014427	1023388	1027015
3	1014163	1023333	1026953
2	1013503	1022573
3	1022257	1023489	1043227
2	1021993	1042921
2	1022155	1043128
2	1022043	1042972
2	1021312	1042262
2	1020734	1029300
2	1020470	1028955
2	1020685	1029208
2	1020478	1029004
2	1020117	1028313
5	1003742	1010309	1014654	1020864	1027695
5	1003349	1010053	1014261	1020525	1027316
5	1003557	1010241	1014450	1020689	1027532
5	1003488	1010082	1014411	1020655	1027421
4	1002730	1013649	1019884	1026695
5	1007794	1008939	1017335	1023237	1130039
6	1007448	1008192	1016930	1021705	1025233	1129927
6	1007658	1008387	1017213	1021864	1025445	1129962
6	1007539	1008905	1017011	1021700	1023025	1129957
5	1006808	1016320	1021001	1025432	1129172
6	1007374	1008587	1019347	1020307	1025396	1040223
5	1007087	1008163	1019106	1022224	1039903
6	1007256	1008371	1019246	1020181	1025251	1040161
4	1007166	1008317	1019159	1039912
6	1006403	1008399	1018410	1019986	1023259	1025933
8	983226	1005185	1006425	1013403	1021534	1023130	1027526	1046059
7	982923	1004888	1007541	1012893	1021147	1026028	1045787
6	982994	1005062	1006388	1013218	1021421	1045933
7	983120	1004969	1007612	1013030	1021220	1026082	1045868
5	1012334	1020532	1022201	1025389	1045087
6	1007367	1008603	1019250	1023511	1027813	1033059
7	1007076	1013055	1018966	1023247	1027491	1030097	1035894
8	1007243	1008521	1013215	1019219	1023416	1027693	1030265	1034165
8	1007171	1013099	1013817	1018954	1023294	1027551	1032770	1036066
6	1006365	1012970	1018294	1022571	1032019	1035319
5	1025652	1026796	1033169	1039034	1046180
5	1025323	1026064	1029434	1038670	1045819
5	1025598	1027030	1033009	1038896	1046017
5	1025328	1026452	1029480	1038748	1045932
4	1024674	1028747	1032166	1038030
4	1013671	1019356	1022187	1032460
4	1013325	1019116	1021903	1032106
5	1013615	1019360	1020430	1022086	1032330
4	1013340	1019219	1021945	1032189
3	1018550	1021230	1031474
3	1016462	1035908	1037858
3	1016201	1035677	1037533
3	1016355	1035869	1037740
3	1016259	1035662	1037615
2	1015521	1034977
1	1033138
1	1032747
1	1032926
1	1032917
1	1032131
2	1027902	1029031
2	1027541	1028695
2	1027720	1028724
2	1027683	1028905
1	1026915
6	1007418	1008575	1015916	1020261	1025866	1029619
6	1007069	1008234	1015470	1020101	1025516	1029312
4	1007237	1008350	1015677	1025692
6	1007204	1008416	1015667	1020112	1025671	1029446
3	1014883	1016211	1024800
5	1018053	1019198	1031444	1032578	1039629
4	1017780	1031094	1032233	1039409
5	1017930	1019170	1031378	1032516	1039555
4	1017858	1031127	1032252	1039432
0
3	1015716	1018076	1048298
2	1015446	1048040
4	1013730	1015632	1017936	1048198
3	1015477	1017841	1048084
1	1014769
3	1018944	1019830	1031963
4	1018402	1019214	1023683	1031636
4	1018715	1019450	1023841	1031798
3	1018589	1019427	1031758
3	1017863	1022998	1030986
2	1020831	1022062
2	1021091	1022442
2	1020845	1021872
2	1021035	1021793
0
2	1020688	1023899
2	1020281	1023587
2	1020534	1023741
2	1020388	1023703
2	1019677	1022935
6	1002557	1012643	1018279	1026856	1041847	1042967
6	1002380	1012378	1017953	1026568	1041470	1042645
6	1002301	1012571	1018180	1026768	1041782	1042893
5	1002598	1012388	1018005	1026599	1041487
5	1001657	1011695	1017304	1025897	1040847
4	1014302	1024182	1025241	1045002
4	1013976	1023778	1024919	1044740
4	1014113	1024097	1025206	1044869
4	1014134	1023811	1024920	1044833
2	1013332	1023161
4	1008205	1032576	1050737	1061816
4	1007951	1032369	1050796	1061265
4	1008178	1032521	1050559	1061600
4	1007933	1032381	1050932	1061436
3	1007268	1049955	1060724
3	1012647	1020695	1026555
3	1012496	1020377	1026328
3	1012561	1020556	1026424
3	1012539	1020464	1026375
2	1011763	1019725
3	1015238	1019165	1022243
3	1014851	1018719	1021957
3	1015108	1019007	1022168
3	1014940	1018836	1021994
2	1018137	1021291
4	1017634	1018946	1023182	1027335
2	1017340	1018739
4	1017475	1018890	1023101	1027139
2	1017454	1018759
3	1016679	1024140	1026476
6	1009383	1011415	1017509	1025763	1033373	1076754
6	1009040	1011143	1017252	1025534	1033102	1076538
6	1009212	1011338	1017427	1025657	1033268	1076669
6	1009163	1011162	1017287	1025596	1033142	1076575
4	1008399	1010471	1016560	1024835
7	972173	1008640	1012414	1018054	1022645	1026613	1031551
6	971717	1008263	1012053	1017811	1026248	1031332
7	971931	1008508	1012238	1018016	1022600	1026419	1031456
6	971920	1008347	1012180	1017845	1026409	1031364
5	971127	1011422	1018085	1021713	1026362
1	1028645
1	1028251
1	1028496
1	1028354
0
7	998995	1006040	1008065	1017301	1023774	1031885	1034204
6	998678	1005950	1007814	1017064	1020985	1031539
6	998857	1006147	1007977	1017197	1031767	1034966
9	998771	1005809	1007851	1017117	1018653	1023577	1031593	1033818	1037055
5	1005188	1016369	1019717	1033125	1036310
2	1033189	1050170
2	1032852	1049458
2	1033010	1049769
2	1032991	1049826
2	1032190	1049002
3	1001890	1016064	1032527
3	1001604	1015785	1032210
3	1001812	1015880	1032413
3	1001644	1015937	1032277
2	1000910	1015100
7	1007600	1012618	1017397	1018585	1023600	1032296	1036921
5	1007192	1012235	1017094	1031984	1036609
6	1007406	1012422	1017286	1023468	1032150	1036795
7	1007339	1012391	1017154	1019708	1023408	1032078	1036674
5	1006588	1016437	1022657	1031328	1035956
5	999504	1009079	1010378	1015566	1020278
5	999219	1008918	1010103	1015406	1019991
5	999426	1008916	1010083	1015543	1020168
5	999248	1009036	1010180	1015383	1020056
4	998550	1008188	1014665	1019329
4	1019305	1020666	1026323	1032532
4	1018875	1019706	1022650	1032187
2	1019186	1032422
4	1018941	1020486	1026021	1032249
4	1018267	1020563	1021979	1031551
5	976300	1008149	1009465	1015719	1019902
6	975930	1007948	1009283	1015466	1019678	1021245
5	976153	1008090	1009389	1015653	1019830
6	976035	1007956	1009323	1015488	1019702	1021308
4	1007234	1014782	1018977	1020601
4	1015661	1016742	1028146	1034021
4	1015264	1016336	1019512	1033678
6	1015487	1016550	1019615	1025357	1029983	1033917
4	1015396	1016464	1027840	1033726
3	1018820	1020344	1024527
4	1011176	1012875	1043015	1054355
5	1010956	1012758	1016528	1042667	1054067
4	1011114	1012881	1042804	1054238
5	1010968	1012703	1016705	1042839	1054138
4	1013219	1015942	1042031	1053401
6	1002013	1015592	1017513	1027310	1031916	1044664
8	1001587	1015198	1017206	1020885	1024088	1029997	1034642	1044291
8	1001809	1015472	1017400	1021045	1027192	1030151	1034844	1044558
5	1001753	1015298	1017275	1027051	1044353
6	1014565	1020222	1026341	1029341	1030905	1043667
5	1010327	1012667	1019065	1026095	1040240
5	1010082	1012363	1018747	1025996	1039926
5	1010286	1012580	1019028	1026057	1040134
5	1010070	1012406	1018732	1025991	1039982
2	1025237	1039272
7	1014193	1020333	1022686	1025767	1034359	1077083	1078145
5	1013878	1019857	1022355	1034116	1076620
6	1014147	1020147	1022549	1034263	1076916	1078140
6	1013872	1019992	1022439	1025494	1034152	1076741
4	1021711	1024749	1035268	1076040
0
0
0
0
0
4	1018361	1022464	1068265	1069124
3	1017986	1022218	1067677
3	1018180	1022343	1067965
3	1018126	1022288	1067937
3	1017364	1021521	1067162
5	1008174	1009212	1021306	1030962	1034352
6	1007764	1008552	1021112	1023092	1030781	1035891
6	1008052	1008893	1021244	1023240	1030897	1035979
6	1007844	1008899	1021121	1023147	1030791	1034165
5	1009507	1022414	1024519	1030043	1033365
5	1017932	1019195	1030810	1031753	1048745
4	1017692	1030463	1031297	1048455
5	1017765	1019140	1030689	1031449	1048695
4	1017818	1030539	1031458	1048459
2	1016998	1029823
3	1010406	1011679	1021020
3	1010192	1012613	1020682
3	1010319	1011622	1020826
3	1010227	1012719	1020848
2	1011943	1020042
3	1020093	1021299	1032954
2	1019793	1032582
3	1019952	1021278	1032767
2	1019882	1032729
1	1019129
7	995333	1009623	1012448	1023928	1028464	1034983	1038348
6	995012	1009494	1012140	1023518	1028065	1034605
7	995132	1009683	1012375	1023781	1028335	1034828	1038178
6	995173	1009387	1012171	1023617	1028135	1034724
5	994364	1008731	1011481	1022913	1027457
4	1003298	1009014	1026173	1027213
4	1002943	1008623	1025736	1026807
4	1003127	1008860	1025947	1027071
4	1003071	1008742	1025909	1026895
3	1002310	1008010	1025142
4	1013454	1019127	1032195	1032935
4	1013252	1018933	1031863	1032699
4	1013377	1019014	1032136	1032882
4	1013292	1019007	1031872	1032689
1	1018223
4	1023999	1028052	1029138	3870517
3	1023712	1027600	3870629
4	1023941	1027838	1028975	3870436
3	1023725	1027779	3870668
2	1023042	1028141
8	976876	1008940	1013621	1025002	1028686	1032451	1044461	1046883
7	976752	1008628	1009343	1016094	1024763	1044239	1046452
9	976819	1008814	1010144	1013588	1024902	1028643	1032293	1044414	1046714
7	976760	1008700	1010058	1016125	1024809	1044234	1046578
7	976004	1012762	1015420	1024074	1031494	1043539	1045859
3	1024470	1029419	1030594
2	1024170	1029073
2	1024307	1029292
2	1024294	1029147
2	1023511	1028432
5	1013391	1014583	1019952	1025642	1030874
5	1013065	1013882	1019732	1027241	1030656
5	1013254	1014403	1019927	1025539	1030779
5	1013171	1014228	1019729	1027297	1030714
5	1012887	1014971	1020433	1024697	1029952
5	1010890	1012857	1018036	1025898	1037308
5	1010655	1012485	1017632	1025477	1036901
5	1010809	1012725	1017855	1025725	1037159
5	1010683	1012570	1017770	1025603	1037009
5	1009960	1011857	1017027	1024878	1027171
7	1011640	1012422	1019177	1023150	1033945	1038925	1043078
7	1011407	1013003	1017734	1022826	1024918	1033585	1038555
8	1011484	1012281	1017911	1023056	1025080	1033779	1038713	1042933
7	1011524	1013030	1017876	1022871	1033726	1038727	1042769
5	1010716	1018171	1022172	1024634	1032948
7	1012607	1016981	1021066	1024977	1031001	1039311	3759961
7	1012313	1016778	1020859	1025869	1030691	1038938	3759813
6	1012457	1016981	1021040	1030921	1039187	3759937
7	1012417	1016729	1020838	1024702	1027583	1039021	3759781
5	1011648	1020157	1024004	1025178	1038312
10	995389	996615	1010338	1011413	1020700	1026951	1028029	1035031	1039975	1048197
8	995107	1009950	1011271	1020218	1026552	1034659	1039688	1047876
10	995325	996546	1010190	1011502	1020620	1026791	1027835	1034839	1039805	1048122
8	995120	1010057	1011426	1020487	1026655	1034803	1039817	1047903
7	994433	1009336	1019788	1025937	1027233	1039019	1047226
4	1020247	1022215	1027783	1032925
4	1019972	1021867	1025057	1029328
5	1020136	1022076	1025240	1027604	1032724
3	1020161	1021967	1029385
5	1019426	1024409	1027118	1028747	1031915
7	1000995	1002211	1012837	1018832	1034408	1035371	1040810
6	1000699	1012541	1018701	1034113	1035005	1038238
6	1000872	1012658	1018854	1034340	1035300	1038495
5	1000773	1012678	1018638	1034138	1035045
4	1000038	1011869	1033448	1038747
4	1010312	1011879	1017742	1025667
5	1009977	1011585	1017326	1019503	1027865
5	1010164	1011686	1017560	1019699	1028042
6	1010070	1011725	1017459	1020698	1025424	1029970
7	1009330	1010924	1016724	1018850	1024708	1026191	1029159
8	1003805	1004753	1013734	1021698	1030477	1042902	1050702	1056504
12	1003639	1006171	1009882	1016289	1020164	1024233	1030271	1032726	1038641	1042536	1048998	1056022
9	1003789	1004846	1007568	1013568	1024431	1030375	1042815	1050505	1056308
12	1003607	1006230	1009928	1016364	1020298	1024218	1030315	1032800	1038673	1042584	1050500	1056171
9	1002913	1005503	1012706	1015566	1023527	1029540	1032098	1037989	1041918
5	954313	1010884	1016937	1020739	1023469
5	954191	1010581	1016560	1020436	1029610
6	954106	1010784	1016837	1018431	1020614	1024343
5	954362	1010626	1016602	1023184	1026568
4	953445	1009923	1019783	1022480
3	1018435	1021236	1039607
3	1018172	1020893	1039311
3	1018358	1021117	1039467
3	1018201	1020956	1039404
3	1017495	1020248	1038643
7	1011439	1019438	1021962	1029235	1037156	1039895	1051541
7	1011092	1019018	1021640	1027623	1032594	1036787	1051203
7	1011353	1019237	1021816	1029165	1037004	1039784	1051406
7	1011127	1019132	1021744	1027748	1032664	1036885	1051276
7	1010454	1018394	1020979	1029323	1031946	1036156	1038900
4	1023416	1030497	1035535	1040630
5	1023157	1030065	1030848	1032252	1040301
4	1023308	1030296	1035482	1040523
4	1023210	1030225	1030952	1040359
5	1022473	1029474	1030745	1034611	1039649
5	1009726	1020579	1021557	1024593	1037184
4	1009409	1020284	1021206	1036804
5	1009634	1020502	1021429	1024461	1037060
4	1009455	1020315	1021287	1036878
3	1020571	1023604	1036179
6	1008418	1022390	1026721	1032311	1045525	1056865
6	1008054	1022096	1026331	1031945	1045116	1056561
6	1008312	1022255	1026557	1032183	1045313	1056779
6	1008114	1022186	1026448	1032027	1045286	1056606
5	1007429	1021434	1025719	1044511	1055904
3	1013639	1016804	1020439
4	1013259	1016513	1020186	1024869
4	1013466	1016744	1020328	1022307
4	1013385	1016525	1020205	1024965
4	1012636	1015844	1021458	1024244
4	1019621	1040001	1044521	1045519
3	1019263	1039714	1044100
4	1019428	1039941	1044337	1045599
3	1019408	1039727	1044244
2	1018629	1039047
2	1033622	1038369
2	1033355	1036799
2	1033537	1038239
2	1033380	1038151
0
7	1005235	1008753	1017702	1028309	1029869	1035703	1039701
6	1004765	1008519	1017538	1027928	1035389	1039317
7	1005057	1008703	1017671	1028159	1029658	1035609	1039597
6	1004897	1008519	1017522	1028024	1035435	1039383
5	1004189	1007825	1016813	1034738	1038685
2	1017037	1018222
2	1016720	1018157
2	1016908	1018156
2	1016803	1018128
1	1018592
5	1004579	1011438	1012396	1018276	1021258
4	1004154	1011218	1012253	1017886
4	1004408	1011388	1012307	1018199
5	1004279	1011221	1012286	1017911	1021126
4	1003555	1010517	1017257	1020355
5	1009305	1014654	1017219	1020146	1026595
4	1008964	1014271	1016876	1022913
5	1009197	1014557	1017014	1020256	1026475
4	1009017	1014316	1017047	1022991
5	1008321	1013651	1016224	1019361	1028010
5	1013706	1015147	1025282	1030310	1046964
6	1013305	1014854	1024973	1029911	1046659	1048248
5	1013602	1015034	1025164	1030151	1046936
6	1013370	1014895	1025038	1030021	1046640	1048175
5	1012684	1014185	1024316	1029291	1045998
5	1012347	1013480	1017498	1028560	1032053
4	1011997	1013291	1020014	1028213
5	1012213	1013488	1017396	1028449	1031965
4	1012084	1013600	1020073	1028279
6	1011361	1012916	1016547	1019356	1027568	1031095
5	1010342	1031086	1032146	1036195	1070504
4	1009984	1030768	1032342	1070062
5	1010171	1030984	1032183	1036010	1070244
4	1010113	1030824	1032280	1070276
3	1032951	1035194	1069474
1	1027071
1	1026682
1	1026950
1	1026759
1	1026064
7	1002623	1003392	1014943	1016183	1020270	1024789	1043174
7	1002361	1003115	1014691	1019984	1024620	1028682	1042840
6	1002559	1014882	1016112	1020125	1024724	1042955
7	1002376	1003128	1014702	1020082	1024653	1028711	1043017
5	1001683	1014008	1019314	1028018	1042195
3	1019147	1025653	1036691
3	1018869	1025319	1036250
3	1019080	1025542	1036479
3	1018888	1025379	1036413
2	1018196	1024676
8	996178	1003823	1004929	1012686	1018695	1030215	1043057	1067008
8	995835	1003426	1004688	1012398	1018456	1029854	1042564	1066575
8	996054	1003626	1004847	1012622	1018643	1030088	1042894	1066932
8	995909	1003577	1004735	1012419	1018463	1029940	1042684	1066593
7	995192	1002817	1004004	1011733	1017755	1029224	1065975
5	1017920	1020021	1025201	1033541	1039428
5	1017757	1019731	1024707	1033177	1039092
5	1017958	1019911	1025065	1033378	1039337
5	1017678	1019792	1024798	1033284	1039134
3	1019066	1024140	1038448
5	1007800	1018326	1019677	1024326	1054940
5	1007457	1018071	1019339	1023930	1054520
4	1007655	1018256	1019552	1054774
5	1007541	1018093	1019438	1024047	1054624
3	1017392	1018709	1023323
5	1020061	1026610	1027746	1035267	1041490
5	1019768	1026274	1035033	1036152	1041172
5	1019946	1026472	1035168	1036433	1041343
5	1019835	1026359	1035097	1036370	1041265
3	1019104	1025635	1040518
7	1013645	1014759	1018800	1023312	1034096	1038897	1056002
6	1013287	1014019	1022974	1033724	1038698	1055724
7	1013462	1016135	1018777	1023217	1033941	1038749	1055927
6	1013431	1016024	1023019	1033833	1038810	1055747
7	1012659	1015303	1017873	1022333	1033097	1037987	1055050
6	1011552	1012775	1017588	1022098	1039347	1041099
7	1011283	1011990	1013055	1014986	1020662	1039034	1040885
5	1011449	1012721	1017513	1039255	1041124
6	1011332	1012684	1015010	1020664	1039074	1040817
5	1010604	1012915	1022389	1038377	1040181
6	1019842	1021870	1029483	1036931	1045891	1049590
7	1019538	1020415	1029273	1036701	1040652	1045604	1049108
8	1019719	1021802	1023456	1029378	1036762	1040952	1045789	1049344
8	1019605	1021609	1029332	1030610	1036696	1040804	1045663	1049299
6	1018864	1028573	1035991	1040093	1044939	1048538
7	997642	1007070	1007876	1020020	1027594	1038975	1042220
7	997297	1006814	1007630	1019731	1020573	1029629	1038766
8	997509	1006920	1007804	1019935	1020669	1024566	1029856	1038893
9	997382	1006923	1007656	1019774	1020673	1021935	1027268	1038786	1041965
6	996660	1006129	1019066	1023704	1026562	1028986
7	1008943	1010986	1013326	1018098	1023442	1028404	1061085
6	1008647	1010602	1016468	1021014	1028142	1060830
7	1008863	1010909	1013290	1018015	1023424	1028358	1061028
6	1008667	1010637	1016521	1021059	1028140	1060837
6	1011646	1017203	1020321	1022481	1027462	1060145
4	1011157	1012398	1021811	1035695
5	1010848	1012066	1021541	1025716	1035460
4	1011082	1012280	1021744	1035660
5	1010874	1012159	1021560	1025779	1035449
5	1010189	1011432	1020863	1025047	1034771
7	990319	996857	1017704	1019817	1024752	1027848	1036001
6	990096	996676	1017427	1019479	1024543	1035740
7	990276	996807	1017632	1019649	1024658	1027758	1035952
6	990109	996675	1017444	1019597	1024591	1035737
5	995955	1016757	1018837	1023833	1026907
8	992501	1013227	1014408	1022035	1023859	1031720	1046156	1055043
8	992299	1012895	1014323	1021658	1026985	1031424	1045836	1054827
8	992369	1013118	1014482	1021905	1027222	1031652	1046090	1054829
8	992384	1012957	1014391	1021751	1023670	1031445	1045855	1054999
6	1012247	1013667	1021040	1024095	1045181	1054122
6	1013854	1016389	1022617	1029649	1040735	1060841
7	1013511	1016116	1018950	1022346	1029376	1040389	1060548
7	1013729	1016233	1018996	1022485	1029478	1040584	1060693
5	1013591	1016229	1029503	1040491	1060645
3	1015442	1028703	1039749
4	1013420	1016362	1020227	1030719
4	1013161	1016074	1020008	1030394
4	1013327	1016298	1020205	1030596
4	1013203	1016091	1019984	1030471
3	1015404	1019302	1029744
3	1017653	1031058	1034746
3	1017385	1030697	1034423
3	1017599	1030969	1034660
3	1017526	1030737	1034453
3	1016798	1030059	1033777
1	1026857
1	1026521
1	1026754
1	1026596
1	1025870
5	1016014	1024141	1025201	1031333	1054894
4	1015769	1023736	1024825	1054950
5	1015927	1023959	1025046	1031254	1054888
5	1015808	1023867	1024912	1031039	1054909
2	1015082	1030357
3	1015754	1019240	1041459
4	1015503	1018967	1022361	1041357
4	1015665	1019189	1022528	1041256
4	1015538	1018979	1022360	1041523
4	1014817	1018286	1021623	1040600
4	1000232	1013715	1027339	1028487
4	999964	1013462	1019005	1027002
4	1000150	1013621	1019220	1027170
3	999992	1013506	1027117
1	999289
0
0
0
0
0
4	1018998	1019877	1027614	1029984
3	1018654	1019662	1027320
4	1018901	1019762	1027515	1029921
3	1018710	1019750	1027405
3	1018019	1026561	1029074
5	1014920	1022154	1023786	1030478	1061529
5	1014609	1021792	1023481	1030188	1060986
4	1014821	1021989	1030374	1061317
5	1014660	1021914	1023199	1030256	1061148
5	1013950	1021160	1022860	1029517	1060444
9	980829	983665	1000093	1003366	1011723	1015053	1023135	1030114	1036846
7	980479	999861	1003110	1011419	1022844	1029778	1036312
8	980424	1000043	1003300	1011632	1015009	1022997	1029984	1036591
7	980852	999862	1003121	1011461	1022926	1029860	1036526
7	979838	999166	1010760	1014145	1022177	1029129	1035770
4	1003494	1011253	1016318	1021335
5	1003168	1010940	1016004	1021041	1023671
4	1003381	1011180	1016227	1021236
5	1003239	1010965	1016035	1021091	1023525
2	1010286	1020377
6	1000709	1011297	1012410	1019707	1027363	1037642
6	1000378	1010903	1012254	1019386	1026957	1037327
7	1000580	1011089	1012436	1019600	1027185	1029182	1037561
6	1000454	1011063	1012363	1019446	1027087	1037354
3	1018736	1026332	1036673
7	1015666	1019310	1020424	1025454	1036762	1047919	1049174
5	1015421	1018920	1028152	1036385	1047653
7	1015552	1019135	1020344	1025405	1036656	1047799	1049103
5	1015490	1019047	1028119	1036444	1047727
5	1014729	1019469	1021986	1024509	1027449
8	994918	1001635	1007682	1018043	1021339	1026662	1048064	1049706
8	994751	1001414	1007424	1008392	1017839	1026279	1047646	1049270
8	994896	1001459	1007616	1018001	1021207	1026477	1047850	1049530
8	994726	1001551	1007440	1008496	1017831	1026423	1047815	1049390
7	993997	1000711	1006741	1017132	1025663	1047045	1048673
4	1025199	1028492	1029782	1041053
3	1024940	1028183	1040670
4	1025153	1028380	1029655	1040940
3	1024937	1028252	1040825
4	1024256	1027521	1028825	1039983
4	1007983	1023361	1032831	1063737
4	1007774	1023110	1032521	1063371
4	1007932	1023266	1032750	1063541
4	1007771	1023170	1032555	1063525
2	1007063	1022393
5	1010822	1014430	1019558	1022044	1028103
4	1010560	1014244	1019371	1028046
5	1010777	1014410	1019563	1021921	1028214
4	1010555	1014211	1019319	1027881
3	1009873	1018654	1027236
7	1009055	1010247	1014104	1022910	1027098	1032966	1040829
8	1008741	1013893	1015909	1022508	1026779	1032554	1034087	1040591
7	1008917	1014079	1015226	1022727	1026922	1032778	1040700
8	1008831	1013862	1016014	1022587	1024080	1032690	1033321	1040671
6	1008085	1021872	1026128	1031946	1033483	1039858
6	1015151	1019139	1022083	1027654	1034233	1037735
5	1014815	1018776	1019531	1033818	1037405
6	1015049	1018984	1021914	1027535	1034137	1037563
5	1014867	1018891	1023230	1033867	1037513
6	1014175	1018150	1021124	1026773	1033215	1036751
3	1008366	1009607	1021233
4	1008041	1009370	1013659	1021014
4	1008196	1009542	1013838	1021142
3	1008173	1009492	1021058
1	1020315
5	1008790	1009985	1025731	1028895	1032741
4	1008447	1025543	1028612	1032399
4	1008644	1025720	1028817	1032656
4	1008560	1025502	1028621	1032435
4	1007805	1024826	1027937	1031764
4	1005703	1015126	1017630	1027818
4	1005371	1014800	1017320	1027788
5	1005565	1015079	1017514	1019598	1027878
4	1005471	1014937	1017345	1027675
3	1014133	1017482	1018770
5	1010753	1019492	1021586	1024925	1029315
3	1010398	1019203	1021314
4	1010575	1019373	1021453	1029255
4	1010528	1019267	1021388	1025586
5	1009761	1018526	1021187	1024907	1028352
3	1018050	1020073	1061041
3	1017687	1019721	1060481
3	1017890	1019936	1060708
3	1017800	1019809	1060771
3	1017057	1019092	1059950
2	1020322	1027661
2	1020028	1027339
2	1020215	1027536
2	1020081	1027412
1	1026687
4	995855	1017872	1030994	1039100
4	995535	1017436	1030663	1038764
4	995800	1017678	1030848	1038999
4	995544	1017589	1030763	1038815
2	994885	1016842
6	1007663	1008863	1015584	1029492	1034407	1046536
5	1007357	1015190	1029164	1034027	1046296
6	1007506	1008836	1015481	1029357	1034293	1046507
5	1007463	1015251	1029248	1034093	1046275
4	1014576	1028511	1033410	1045600
8	1004271	1007645	1016240	1022681	1030341	1041640	1054758	1055931
7	1003973	1007343	1016067	1022534	1030111	1041349	1054379
8	1004240	1007555	1016206	1022672	1030102	1041570	1054621	1055887
8	1003953	1007386	1016047	1022495	1030306	1041372	1054464	1055770
4	1003307	1006682	1015343	1021800
3	1018426	1019144	1031540
4	1018069	1019638	1022323	1031215
4	1018292	1019565	1022436	1031372
3	1018150	1019536	1031339
3	1017431	1022867	1030542
4	1003971	1006963	1025236	1031938
4	1003620	1007006	1025018	1031679
5	1003957	1006724	1025148	1026676	1031934
4	1003594	1007212	1025240	1031638
3	1006179	1024563	1030999
2	1018760	1029985
2	1018426	1029793
2	1018685	1029977
2	1018453	1029753
2	1017782	1029076
5	988212	1004531	1019050	1020271	1033061
6	988180	1004187	1018698	1020056	1022514	1032799
5	987988	1004384	1018855	1020245	1032978
5	988364	1004286	1018849	1020088	1032812
3	987382	1018064	1021854
5	1014930	1026349	1027194	1034802	1039608
5	1014648	1026114	1029677	1034503	1039102
5	1014789	1026265	1027001	1034730	1039406
5	1014745	1026149	1026945	1034521	1039256
4	1013960	1026161	1030095	1033822
7	1010285	1016327	1021869	1026841	1030655	1069911	1071157
7	1010054	1016025	1021645	1023806	1027887	1069856	1070989
7	1010220	1016265	1021857	1026703	1030597	1069737	1070840
8	1010067	1016047	1021608	1023848	1027910	1032397	1069983	1071126
5	1009356	1015351	1020946	1023144	1025859
7	959733	988715	1003844	1012513	1016344	1018881	1024270
6	959742	988286	1003678	1012050	1016058	1023969
8	959757	988460	1003828	1005073	1012330	1016261	1018797	1024174
6	959658	988506	1003644	1012193	1016100	1024017
5	958920	987668	1011471	1017962	1023823
6	992143	1020819	1025561	1027684	1029718	1042387
5	991698	1020548	1025315	1027157	1042163
5	991876	1020617	1025523	1027394	1042340
5	991922	1020714	1025330	1027394	1042167
6	991109	1019872	1024630	1027030	1029970	1041465
7	1004436	1005597	1012861	1016217	1020330	1031204	1034586
8	1004075	1005246	1012590	1017395	1022265	1027655	1030916	1036387
8	1004225	1005347	1012676	1017522	1022485	1027833	1031047	1036164
8	1004243	1005452	1012736	1016045	1020157	1023833	1031033	1034345
6	1011918	1021625	1023126	1027002	1034194	1036800
7	1013385	1019025	1020203	1027863	1028741	1036186	1038112
5	1013122	1018822	1019828	1027576	1035836
5	1013220	1018953	1019866	1027765	1036016
7	1013245	1018872	1019791	1027625	1028588	1035954	1037942
4	1012422	1026909	1035196	1037204
6	995296	1004634	1013538	1015934	1023706	1046925
5	995065	1004358	1013265	1015643	1046588
6	995151	1004472	1013474	1015845	1023634	1046817
5	995172	1004481	1013284	1015672	1046649
6	994368	1003686	1012588	1014954	1022752	1045943
4	1004453	1027265	1055423	1056581
4	1004188	1027088	1055092	1056578
4	1004366	1027223	1055313	1056571
4	1004223	1027084	1055150	1056565
2	1026369	1054446
4	997277	1008186	1011784	1019280
5	996925	1007857	1011410	1018988	1021320
5	997073	1008044	1011674	1019139	1021486
4	997089	1007947	1011477	1019067
5	996290	1007214	1010778	1018321	1020736
4	1002991	1014957	1016892	1023319
4	1002567	1014695	1016682	1023013
5	1002866	1004064	1014880	1016828	1023240
4	1002645	1014725	1016697	1023035
2	1001969	1016821
3	1015513	1016598	1024526
3	1015035	1017303	1024276
4	1015325	1017519	1019098	1024471
3	1015164	1017435	1024250
2	1014435	1017600
6	1006654	1012675	1013972	1019670	1029962	1035869
7	1006420	1012366	1013681	1019246	1029611	1035474	1039381
7	1006538	1012564	1013865	1019471	1029827	1035704	1039640
6	1006488	1012427	1013766	1019428	1029696	1035582
4	1011710	1018642	1028973	1038771
3	1013485	1014611	1070693
3	1013121	1013940	1070268
3	1013322	1014070	1070466
3	1013241	1014561	1070454
3	1012497	1015181	1069669
5	1003931	1005338	1018413	1019477	1031583
6	1003598	1005138	1018261	1019231	1026273	1031356
6	1003858	1005295	1018318	1019418	1026459	1031546
6	1003622	1005125	1018318	1019245	1026340	1031339
6	1004435	1018547	1020229	1022329	1025611	1030653
2	1019288	1020467
3	1018944	1020416	1023069
3	1019150	1020574	1023220
2	1019032	1020495
3	1018298	1019764	1022361
5	1013264	1016836	1020260	1044624	1061799
5	1013006	1016538	1018055	1044233	1061842
5	1013184	1016755	1020155	1044424	1061852
5	1013036	1016575	1018079	1044401	1061733
4	1012329	1015876	1017363	1061005
6	1001752	1002925	1011352	1013610	1024131	1029073
6	1001505	1002544	1011055	1019999	1023822	1028726
6	1001670	1002744	1011295	1013521	1023959	1028928
7	1001528	1002654	1011065	1014364	1020067	1023956	1028822
5	1000819	1012679	1014302	1019814	1023167
8	993769	1012507	1014762	1020809	1024437	1030091	1034116	1058085
7	993332	1012407	1014383	1020634	1029695	1034587	1057717
8	993472	1012453	1014640	1020728	1024358	1029986	1033986	1057903
6	993583	1012414	1014451	1020671	1025615	1057849
8	992740	1011644	1013757	1019909	1023472	1029074	1033236	1057087
4	1019742	1020966	1025787	1035322
3	1019529	1020660	1035092
5	1004518	1019760	1020899	1025707	1035324
5	1004200	1019470	1020653	1025510	1035041
3	1018822	1020002	1034402
4	997181	1016505	1017815	1025554
5	996842	1016226	1017584	1021522	1025260
5	997130	1016345	1017755	1021613	1025376
4	996846	1016344	1017609	1025389
4	996202	1015555	1020800	1024597
5	1016409	1017618	1021792	1035544	1038091
5	1016103	1021511	1023738	1035191	1037788
5	1016312	1017585	1021671	1035466	1037959
5	1016156	1021563	1023793	1035226	1037871
4	1015430	1023084	1034554	1037129
6	992254	1012093	1015306	1023420	1028003	1043544
5	992325	1011758	1023158	1024524	1043270
6	992229	1012024	1015141	1023322	1027917	1043472
5	992298	1011774	1015179	1023208	1043289
4	1011115	1023788	1027054	1042592
7	1004061	1005312	1021752	1026328	1027444	1031333	1050971
7	1003828	1005238	1021538	1026031	1028469	1033317	1050560
6	1004004	1005130	1021669	1026240	1031289	1050763
7	1003830	1005143	1021577	1026055	1028557	1033431	1050714
4	1020833	1025352	1026592	1032686
5	1011676	1013339	1019707	1024424	1032457
4	1011459	1019385	1024102	1032099
5	1011619	1013292	1019533	1024334	1032324
4	1011469	1019504	1024155	1032184
2	1011157	1031475
5	1009500	1012965	1022396	1025416	1034341
5	1009035	1012635	1022181	1033923	1038184
5	1009335	1012830	1022383	1034114	1038472
7	1009149	1012719	1022280	1025188	1028886	1034110	1038194
5	1011989	1013460	1021435	1024455	1033316
1	1008509
1	1008107
1	1008340
1	1008230
1	1007498
5	1006218	1007411	1015816	1023128	1028250
6	1005832	1007173	1015546	1022804	1027996	1030957
5	1006103	1007345	1015710	1023006	1028168
6	1005896	1007230	1015602	1022875	1028025	1031020
5	1005211	1006415	1014873	1022150	1027311
0
0
0
0
0
3	1016500	1018934	1025947
3	1016164	1018622	1025593
3	1016380	1018793	1025790
3	1016236	1018696	1025699
0
2	1015053	1022821
2	1014718	1022536
2	1014997	1022737
2	1014726	1022569
1	1014073
6	1000699	1009893	1016841	1017627	1019028	1038079
5	1000517	1009534	1016481	1017271	1037736
7	1000630	1009761	1016680	1017489	1018832	1037956	1039239
5	1000546	1009619	1016593	1017343	1037811
4	1008904	1015855	1018036	1037094
4	1021498	1022391	1030477	1043796
4	1021666	1022673	1030155	1043324
4	1021673	1022514	1030325	1043626
4	1021442	1022510	1030259	1043449
2	1020763	1029507
3	1013749	1016221	1025722
5	1013449	1015895	1017781	1025371	1026517
5	1013634	1016117	1017276	1025539	1026645
3	1013519	1015948	1025499
3	1015250	1017070	1025786
0
0
0
0
0
6	1017065	1022229	1025429	1031474	1032699	1097610
5	1016846	1021966	1025034	1031147	1097461
6	1017007	1022124	1025291	1031310	1032626	1097481
5	1016851	1022025	1025139	1031271	1097549
4	1016140	1021287	1033283	1096724
3	1010143	1011544	1017396
3	1009753	1011268	1017067
3	1010059	1011438	1017186
3	1009799	1011309	1017238
0
3	1005659	1021718	1036981
3	1005359	1021375	1036567
3	1005454	1021630	1036759
3	1005523	1021417	1036749
2	1020737	1035960
4	1007767	1009443	1014071	1023927
6	1007415	1009140	1013706	1023532	1026908	1033146
6	1007634	1009348	1013837	1023725	1027098	1033329
5	1007496	1009198	1013902	1023659	1033224
5	1006778	1013080	1014878	1017087	1026269
7	982679	1009172	1010646	1018777	1019852	1025301	1029278
5	982193	1008889	1009881	1018395	1027387
6	982473	1009074	1010086	1018575	1021895	1025210
5	982351	1008938	1018573	1019596	1027420
6	981624	1008709	1017780	1021054	1024369	1026720
7	1005157	1007040	1012514	1017105	1021197	1038021	1068389
6	1004711	1006878	1012275	1016905	1037716	1068348
7	1004991	1006961	1012464	1017073	1017984	1037851	1068397
7	1004835	1006905	1012275	1016888	1021097	1037843	1068287
7	1004128	1006148	1011582	1016201	1020320	1037055	1067551
8	949095	1002091	1006094	1007232	1011406	1014872	1026182	1043986
7	948876	1001866	1005722	1011085	1013425	1025950	1043644
7	948984	1002041	1005915	1011272	1015064	1026093	1043918
7	948942	1001867	1005851	1011165	1013466	1025989	1043666
7	948177	1005100	1010428	1014201	1015831	1025257	1043003
10	990753	1006628	1013119	1021466	1024695	1031514	1033607	1038055	1047691	1061297
8	990557	1006339	1012852	1021269	1031340	1037679	1047265	1060849
8	990658	1006516	1013047	1021406	1024723	1031459	1047480	1061082
8	990610	1006404	1012875	1021278	1031320	1037792	1047429	1061025
9	989835	1005672	1012177	1013766	1024398	1030805	1038492	1046665	1060262
6	1016206	1024985	1026838	1030288	1034126	1062690
5	1015814	1024675	1033749	1037248	1062368
6	1016046	1024879	1026770	1030138	1033996	1062531
4	1015922	1024748	1033821	1062481
6	1015195	1024010	1029302	1033110	1036562	1061720
3	1006956	1012698	1021965
4	1006647	1012869	1021645	1022934
4	1006844	1012687	1021848	1023167
4	1006716	1012818	1021718	1023066
3	1005968	1011963	1020991
4	1007491	1016753	1020225	1024088
4	1007172	1016427	1019976	1023738
4	1007421	1016594	1020155	1023931
4	1007232	1016540	1020001	1023841
4	1006505	1015782	1019287	1023097
7	983109	1010368	1014493	1015625	1019787	1027900	1038179
6	983125	1010213	1014186	1019438	1027574	1037829
7	983092	1010296	1014374	1015665	1019608	1027760	1037950
6	983088	1010249	1014279	1019575	1027661	1038021
5	982305	1009483	1021320	1026925	1037186
3	1013142	1014365	1028639
4	1012874	1014290	1020066	1028334
3	1013091	1014273	1028493
4	1012881	1014324	1020197	1028451
5	1012193	1015672	1019420	1020866	1027659
2	1020272	1029720
2	1020058	1029314
2	1020231	1029560
2	1020047	1029424
2	1019353	1028707
4	1014292	1025302	1026303	1031601
4	1014013	1025098	1026119	1029361
4	1014213	1025218	1026259	1029484
4	1014044	1025135	1026107	1031346
2	1024393	1028683
5	1009795	1019907	1021172	1030599	1047515
5	1009556	1019503	1022097	1030315	1047091
5	1009698	1019752	1021054	1030468	1047188
5	1009607	1019614	1022230	1030393	1047376
5	1008868	1018885	1021486	1029640	1046489
5	983919	1012962	1014173	1025343	1030237
5	983643	1012663	1013777	1018367	1025031
6	983689	1012831	1013979	1018564	1025270	1026789
5	983831	1012741	1013926	1025053	1029949
5	982969	1017727	1024371	1025954	1029255
4	1014847	1019881	1021081	1024059
3	1014461	1019560	1020942
3	1014668	1019766	1021206
3	1014597	1019617	1020988
3	1013840	1018906	1020321
2	1022703	1029770
2	1022380	1029536
2	1022607	1029686
2	1022429	1029565
1	1021731
3	1019330	1025714	1035416
3	1019119	1025391	1035109
3	1019343	1025619	1035317
3	1019063	1025443	1035159
3	1018414	1024749	1034450
1	1019963
1	1019719
1	1019898
1	1019735
1	1019033
7	996621	1005231	1008819	1016479	1021161	1023526	1031453
5	996169	1004961	1008560	1020969	1031218
6	996460	1005127	1008681	1016308	1021131	1031362
6	996285	1005023	1008649	1016253	1020962	1031264
6	995583	1004291	1007875	1015495	1021535	1030525
4	1015280	1017045	1021067	1038588
3	1014935	1016416	1038209
4	1015151	1016456	1020900	1038423
4	1015009	1017057	1020883	1038329
2	1014294	1020097
4	1006185	1007375	1017382	1036485
5	1005921	1007004	1010025	1017126	1036157
5	1006091	1007190	1010162	1017328	1036367
4	1005968	1007051	1017135	1036230
3	1009342	1016449	1035510
4	1013947	1025793	1032664	1039533
5	1013618	1025417	1032468	1039214	1040079
5	1013851	1025598	1032604	1039367	1040216
4	1013666	1025561	1032480	1039340
2	1012975	1038564
8	988862	1006778	1015353	1016595	1022616	1026784	1034070	1044525
8	988651	1006825	1015115	1018195	1022327	1033761	1044218	1045659
8	988749	1006609	1015282	1016532	1022496	1026651	1033924	1044428
8	988720	1006934	1015139	1018167	1022395	1033857	1044274	1045728
7	987946	1014427	1021664	1025824	1033104	1043564	1045012
3	1027845	1031531	1043427
3	1027533	1031188	1043096
3	1027713	1031437	1043285
3	1027617	1031226	1043192
3	1026882	1030546	1042452
7	1012521	1013791	1023619	1028150	1033037	1039798	1049336
7	1012234	1013757	1018031	1023228	1031062	1039494	1049045
8	1012368	1013991	1018219	1023491	1028071	1031260	1039665	1049294
7	1012337	1013673	1023301	1027990	1032798	1039574	1049042
7	1011565	1013057	1017389	1022613	1027255	1038827	1048377
4	1024041	1035560	1042088	1048253
4	1023639	1035214	1041808	1047847
4	1023837	1035417	1041962	1048048
4	1023787	1035314	1041880	1048006
2	1041135	1047233
10	985720	989329	1007411	1020335	1023899	1026299	1032522	1036310	1049393	1050602
8	985566	989513	1007135	1020004	1023523	1024256	1033904	1049122
9	985740	989547	1007302	1020211	1023785	1032451	1036152	1049339	1050486
8	985505	989238	1007194	1020083	1023595	1024342	1034063	1049128
7	984831	1006457	1019356	1027536	1031583	1035322	1048447
1	1019557
1	1019047
1	1019241
1	1019319
0
7	1002550	1014151	1015203	1021182	1025092	1029973	1035081
6	1002220	1013914	1014997	1017803	1029765	1034664
7	1002422	1014111	1015214	1021106	1025030	1029845	1034905
7	1002300	1013900	1014963	1017844	1022289	1029835	1034782
5	1001573	1013217	1017138	1020231	1034061
4	1009990	1045362	2930401	2932984
3	1009657	1044941	2933172
3	1009841	1045084	2932867
3	1009761	1045178	2933045
2	1009016	1044342
9	996198	1001761	1003758	1006939	1012027	1014605	1018566	1027754	1052898
9	995829	1001475	1003507	1006682	1011604	1015802	1022356	1027400	1052571
9	996070	1001692	1003657	1004929	1011908	1014435	1018371	1027595	1052772
9	995913	1001505	1003545	1006687	1011667	1022379	1027502	1029550	1052631
6	995206	1006001	1014534	1021628	1026760	1029784
3	1016857	1023915	1036608
3	1016564	1023569	1036148
3	1016698	1023801	1036443
3	1016697	1023639	1036266
3	1016185	1022931	1035565
5	997604	1006576	1008403	1015024	1025287
6	997234	1006283	1008169	1014739	1025168	1027035
5	997520	1006491	1008312	1014993	1025269
7	997278	1006310	1008209	1014721	1017288	1025148	1027122
6	996608	1007479	1014070	1018696	1019928	1024415
6	1012703	1015030	1016717	1020977	1027591	1038435
5	1012439	1014721	1019530	1027290	1038253
5	1012623	1014914	1016675	1027512	1038352
4	1012468	1014784	1027319	1038290
7	1011761	1014062	1018862	1021384	1026626	1028587	1037536
7	1014172	1016715	1020099	1029232	1033894	1040412	1046922
6	1013782	1014664	1018110	1028858	1039956	1046482
7	1014060	1014784	1018339	1029073	1031690	1040236	1046792
5	1013846	1014676	1028954	1040087	1046567
7	1013165	1015831	1017483	1021151	1032307	1039371	1045892
5	991465	1015194	1017498	1027216	1029296
4	991354	1014998	1017165	1027050
5	991528	1015145	1017394	1027205	1029275
4	991246	1014995	1017242	1027007
3	990602	1014283	1028369
8	1006010	1015738	1020573	1021553	1027560	1034200	1035835	1040965
5	1005680	1015364	1020422	1021174	1033884
5	1005865	1015510	1020543	1021408	1034082
7	1005779	1015555	1020399	1027384	1033953	1035664	1040768
7	1005034	1014745	1019684	1022848	1033233	1036586	1040009
0
0
0
0
0
07/19/2017 13:27:28	07/19/2017 13:33:18
