3	1016658	1027596	1041528
4	1016404	1027226	1028794	1041236
4	1016600	1027452	1028782	1041467
4	1016411	1027331	1028712	1041254
1	1015714
7	998964	1008675	1009808	1019414	1022740	1030168	1039536
6	998782	1008310	1009405	1019109	1029844	1039121
7	998859	1008505	1009523	1019295	1022681	1030123	1039341
6	998845	1008433	1009696	1019173	1029840	1039266
5	998061	1018450	1021855	1029192	1038519
5	1013883	1018205	1022585	1027440	1031980
6	1013635	1017874	1018830	1022344	1027124	1031715
6	1013721	1018036	1019096	1022483	1027320	1031862
5	1013753	1017995	1022400	1027191	1031779
3	1017230	1026474	1031037
6	1007891	1008597	1016637	1022065	1043573	1044433
7	1007582	1008529	1016274	1021881	1023786	1043304	1044167
6	1007815	1008678	1016462	1021981	1043454	1044340
7	1007616	1008593	1016401	1021885	1023926	1043378	1044224
5	1006916	1015645	1021131	1023147	1042623
4	1019766	1025533	1031422	1035579
4	1019504	1025198	1029782	1035680
4	1019735	1025401	1031315	1035724
4	1019489	1025281	1031095	1035483
4	1018827	1024552	1030426	1034815
4	1012614	1015854	1020355	1029093
5	1012391	1015730	1016552	1028856	1030105
4	1012564	1015882	1020165	1029016
5	1012391	1015641	1016659	1028877	1030244
3	1011693	1014983	1028164
4	1020121	1020855	1026961	1040647
5	1012291	1019832	1020566	1026663	1040334
5	1012502	1020018	1020781	1026844	1040509
5	1012397	1019886	1022816	1027412	1040416
4	1019156	1022097	1026756	1039680
1	1016297
1	1016059
1	1016213
1	1016092
1	1015364
5	1017955	1025921	1026642	1043264	1044244
4	1017703	1025613	1042792	1044442
5	1017913	1019080	1025782	1043091	1044278
3	1017697	1025704	1042916
3	1017016	1024959	1042217
1	1091498
1	1091592
1	1091297
1	1091753
1	1090734
1	1023421
1	1023201
1	1023292
1	1023294
1	1022471
4	1010723	1012065	1021408	1028182
3	1010550	1021033	1027896
4	1010658	1012034	1021284	1028016
3	1010605	1021111	1028019
0
2	1022406	1034660
2	1022064	1034261
2	1022270	1034503
2	1022153	1034376
2	1021426	1033647
7	1004280	1019526	1022357	1029260	1034128	1042525	1055517
7	1003930	1019137	1022101	1028926	1033750	1042220	1055004
7	1004170	1019304	1022284	1029149	1033980	1042489	1055361
7	1003997	1019307	1022116	1028978	1033852	1042203	1055117
4	1018518	1021412	1041560	1054450
6	1012574	1013808	1018726	1046028	1047127	1051065
6	1012251	1013497	1018340	1045634	1046404	1051841
6	1012469	1013702	1018588	1045873	1046704	1050874
6	1012309	1013575	1018424	1045739	1047092	1052053
3	1011602	1012850	1045016
9	1003921	1004976	1010868	1019410	1021829	1027857	1034437	1035635	1062992
6	1003790	1004649	1010568	1019110	1034101	1062555
9	1003789	1004882	1010696	1019264	1021688	1027713	1034242	1035546	1062811
7	1003881	1004728	1010703	1019201	1024530	1034256	1062687
7	1003045	1004705	1009903	1020839	1023734	1033461	1061960
5	1009384	1010696	1021043	1025948	1036009
7	1009049	1010268	1014529	1020707	1022319	1028438	1035707
7	1009236	1010506	1014751	1020922	1025892	1028700	1035883
6	1009152	1010448	1015517	1020783	1025745	1035781
6	1008401	1009693	1013919	1020065	1025038	1035044
10	1004731	1009294	1010304	1013982	1018490	1023141	1027754	1033277	1041598	1052928
7	1004522	1009055	1018244	1022893	1024338	1041222	1052624
10	1004651	1009233	1010168	1013870	1018407	1023078	1027629	1033232	1041335	1052883
9	1004558	1009067	1018261	1022933	1024389	1028901	1041439	1052620	1053481
9	1003817	1008358	1012995	1017552	1022222	1026786	1032468	1040599	1051959
6	989095	999003	1008873	1025221	1026772	1032491
6	989009	998676	1008578	1024769	1026381	1032187
6	989002	998827	1008730	1025042	1026610	1032415
6	989057	998809	1008671	1024897	1026490	1032222
6	988241	998032	1007913	1024182	1025767	1031527
6	1013638	1018636	1019789	1025099	1029364	1034297
5	1013398	1018298	1024864	1029071	1033940
5	1013586	1018487	1025038	1029285	1034193
5	1013401	1018395	1024875	1029106	1031611
4	1012707	1017650	1024172	1028979
5	1019800	1022905	1025077	1030736	1033949
4	1019378	1022516	1026196	1030304
5	1019643	1022801	1024009	1030560	1033875
4	1019489	1022590	1026252	1030428
4	1018779	1021908	1029704	1032993
4	1014276	1015522	1021809	1038862
6	1014054	1015563	1021510	1023103	1038526	1059021
6	1014209	1015447	1021705	1026588	1038797	1059129
6	1014073	1015487	1021562	1023162	1038538	1058930
2	1020850	1037883
3	1013972	1022440	1033514
3	1013717	1022317	1033301
3	1013944	1022249	1033530
3	1013701	1022461	1033239
3	1013032	1021564	1032591
4	1008300	1019115	1020839	1033248
4	1008072	1009725	1018889	1032708
4	1008228	1011428	1019097	1033011
4	1008097	1009436	1018864	1032898
4	1007378	1018185	1019903	1032167
6	1008333	1018595	1019583	1024829	1048448	1051133
7	1008091	1018283	1019295	1023300	1027623	1048298	1050789
7	1008303	1018431	1019372	1023504	1027859	1048052	1051036
6	1008075	1018402	1019493	1025077	1048653	1050828
5	1007400	1017628	1022631	1024365	1026998
4	1012356	1026682	1035092	1047444
4	1011943	1026284	1034709	1047134
4	1012180	1026562	1034915	1047316
4	1012070	1026372	1034842	1047210
3	1011341	1034092	1046476
6	1006940	1016377	1018832	1026951	1030526	1046178
5	1006566	1016107	1018429	1026669	1045946
6	1006743	1016273	1018667	1026847	1030462	1046212
5	1006719	1016160	1018545	1026714	1045860
5	1005940	1015432	1017817	1025992	1045247
5	998122	1008904	1011225	1015538	1025620
7	997771	1008591	1010952	1015174	1017536	1025267	1026203
6	997980	1008797	1011120	1015353	1021092	1025429
7	997872	1008647	1011006	1015314	1017509	1025419	1026290
4	1010276	1016837	1020215	1024638
5	1023128	1026548	1033186	1037745	1038886
5	1022834	1026140	1026927	1032547	1037334
5	1023080	1026382	1032991	1037585	1038867
4	1022844	1026260	1032908	1037445
5	1022822	1025529	1027119	1032162	1036729
6	1008630	1014321	1015717	1017185	1022024	1030741
6	1008460	1014012	1015676	1020511	1024211	1030381
6	1008477	1014222	1015503	1017066	1022106	1030598
6	1008577	1014055	1015661	1020551	1024261	1030466
5	1013357	1014905	1021219	1023522	1029745
5	1000374	1005054	1010561	1020937	1036310
7	1000064	1004633	1010175	1020608	1023217	1027023	1034231
6	1000227	1004876	1010429	1020800	1027216	1036189
7	1000166	1004750	1010260	1020703	1024358	1029168	1034328
7	999406	1004028	1009555	1011535	1019952	1026373	1028314
0
0
0
0
0
2	1023594	1029714
3	1023368	1024838	1029379
2	1023548	1029560
3	1023367	1024776	1029469
3	1022664	1025075	1028729
3	1022073	1023167	1039895
3	1021711	1024345	1039731
4	1021844	1022846	1025852	1039831
3	1021898	1023012	1039747
2	1021086	1039006
3	1025315	1060458	1062721
3	1025047	1060094	1062415
3	1025188	1060324	1062544
3	1025125	1060187	1062562
0
3	1015701	1029603	1064082
3	1015437	1029329	1063726
3	1015614	1029448	1063942
3	1015467	1029446	1063824
1	1028638
3	1010711	1012098	1022410
3	1010318	1011649	1016332
4	1010473	1011892	1016495	1019107
4	1010642	1011744	1016338	1022086
2	1009987	1015632
6	1011059	1012549	1017556	1019613	1025473	1046081
6	1010801	1012199	1017245	1021474	1026479	1045713
6	1011003	1012441	1017422	1019507	1025411	1045933
6	1010810	1012258	1017318	1021509	1026594	1045812
4	1010111	1011568	1016587	1024550
6	1015345	1017390	1021701	1027654	1032547	1044839
6	1015044	1017060	1020022	1027319	1032384	1044460
6	1015256	1017292	1020224	1027514	1028158	1044614
6	1015084	1017104	1021529	1027391	1032355	1044645
4	1014385	1016414	1019355	1044081
6	1013926	1018560	1019811	1033943	1041321	1058624
9	1013661	1018266	1019549	1022351	1028510	1033662	1036287	1040919	1058302
9	1013841	1018375	1019667	1022570	1028709	1033878	1036467	1041149	1058523
6	1013697	1018415	1024907	1033688	1041038	1058355
8	1012984	1017607	1018876	1027846	1032992	1035637	1040310	1057641
4	1011398	1012365	1019067	1036123
5	1011040	1011895	1016265	1020363	1035778
4	1011234	1012061	1016400	1036007
5	1011160	1011993	1018804	1021509	1035845
4	1015569	1018091	1020114	1035138
5	1015256	1016370	1022201	1029150	1041104
5	1014954	1016162	1021865	1028749	1040794
5	1015168	1016277	1022052	1028959	1040929
5	1014991	1016096	1021959	1028900	1040924
4	1014293	1021221	1028141	1040141
5	1012756	1017296	1018491	1021596	1025665
4	1012429	1017022	1019501	1027938
5	1012663	1017169	1017916	1021536	1025608
4	1012476	1017116	1019546	1027922
4	1016278	1018829	1023478	1027208
5	1004797	1007692	1012641	1025730	1040697
5	1004521	1007476	1012295	1025300	1040208
5	1004743	1007652	1012490	1025578	1040474
5	1004527	1007467	1012392	1025408	1040385
5	1003846	1006774	1011655	1024706	1039642
6	1013316	1014177	1018518	1021885	1033687	1047826
5	1013148	1014061	1025166	1033338	1047383
6	1013236	1014076	1018395	1021837	1033514	1047614
7	1013184	1014115	1019238	1023955	1029634	1033475	1047543
6	1017563	1020896	1024512	1028938	1034491	1046790
3	1011014	1011997	1017225
3	1010649	1011424	1016916
3	1010846	1011789	1017140
3	1010779	1011888	1016944
1	1016781
7	986376	1016770	1018188	1021119	1030057	1045080	1046147
7	986052	1016572	1017937	1023049	1029762	1044716	1046100
8	986247	1016739	1018111	1021030	1026473	1029920	1044934	1046226
7	986130	1016550	1017966	1023071	1029854	1044808	1046158
4	985400	1023745	1025647	1029096
3	1013309	1024682	1048638
3	1013072	1024329	1048507
3	1013140	1024529	1048527
3	1013208	1024438	1048580
3	1012383	1023694	1047763
4	1016156	1020342	1022847	1038929
4	1015837	1020054	1022525	1038403
4	1015990	1020295	1022676	1038674
4	1015956	1020051	1022644	1038618
3	1019386	1021878	1037858
5	1008349	1009566	1017298	1022829	1026074
6	1008364	1009619	1017092	1022529	1023510	1028774
4	1008273	1009479	1017228	1022696
6	1008378	1009584	1017115	1022610	1023613	1029078
2	1021872	1025084
4	1005580	1025673	1028377	1033601
4	1005136	1025447	1028080	1033311
4	1005408	1025430	1028230	1033462
4	1005255	1025649	1028135	1033412
4	1004547	1024748	1027406	1034508
6	1014260	1015027	1020701	1026742	1039563	1070088
6	1014045	1014808	1020397	1026454	1039307	1070096
6	1014150	1015978	1020551	1026609	1039431	1070158
6	1014081	1014951	1020491	1026532	1039396	1069979
5	1014113	1019738	1025791	1038625	1069276
3	1009493	1024407	1036342
3	1009109	1024047	1036045
3	1009362	1024276	1036245
4	1009192	1024127	1024852	1036076
2	1008489	1023398
3	1019082	1025793	1028546
4	1018859	1023515	1025612	1037110
4	1018998	1025674	1028427	1037305
4	1018899	1025690	1028254	1037279
2	1027563	1036505
4	1015472	1017480	1036321	1039363
4	1015137	1017210	1036003	1039003
4	1015398	1017353	1036262	1039255
4	1015162	1017268	1036019	1039067
3	1014492	1017117	1038368
7	999535	1000372	1006582	1013093	1024739	1027478	1030963
7	999190	1000047	1006165	1012866	1024447	1028523	1032949
7	999399	1000213	1006382	1013061	1024622	1027360	1030880
7	999280	1000189	1006312	1012856	1024514	1028524	1033096
7	1005568	1012170	1013591	1023783	1025201	1027829	1030628
6	993385	1014100	1015506	1020780	1027791	1032982
7	993080	1013715	1015197	1020502	1022561	1027437	1032568
7	993249	1013934	1015318	1020706	1022722	1027706	1032841
6	993165	1013838	1015266	1020525	1027478	1033554
6	992418	1013102	1019830	1021890	1027777	1032854
6	1010608	1016774	1021250	1029339	1032847	1038311
6	1010345	1016481	1021069	1028923	1032503	1037935
5	1010482	1016691	1021139	1029161	1038124
7	1010425	1016509	1021114	1029036	1032650	1038067	1040310
5	1009664	1020655	1028314	1032161	1037305
4	1009296	1012884	1018102	1026858
5	1008938	1012633	1017834	1026473	1031368
5	1009110	1012791	1018043	1026661	1031495
5	1009091	1012669	1017860	1026626	1033471
6	1008308	1017143	1025857	1027821	1030716	1032688
5	1013869	1021519	1022807	1029126	1034651
5	1013659	1021208	1022426	1034348	1039184
6	1013809	1021446	1022632	1029020	1034463	1039413
6	1013677	1021233	1022608	1028924	1034495	1039189
4	1020555	1021820	1028177	1033691
5	1014995	1021105	1022436	1024355	1028355
4	1014617	1020889	1022385	1028222
5	1014826	1021028	1022364	1024222	1028358
3	1014734	1020920	1022513
4	1013996	1020187	1024088	1027480
5	1017564	1019399	1023556	1029297	1033265
5	1017286	1019004	1023265	1028962	1033078
5	1017405	1019198	1023457	1029109	1033169
5	1017395	1019173	1023308	1029109	1033140
4	1016613	1018391	1028318	1032365
0
0
0
0
0
5	1002446	1019566	1021908	1028195	1037281
6	1002106	1019366	1021656	1024547	1027891	1037052
6	1002287	1019328	1020107	1024680	1028093	1037308
5	1002216	1019570	1021659	1027944	1036982
2	1018659	1036354
3	1021076	1025759	1032277
4	1020889	1025541	1027025	1029489
4	1021048	1025763	1029727	1032131
4	1020872	1025506	1026985	1029530
2	1020173	1024837
5	1007429	1023174	1024270	1033235	1040657
5	1007095	1022804	1023942	1033112	1040319
5	1007277	1023014	1024124	1033150	1040534
5	1007201	1022919	1024017	1033152	1040390
4	1006450	1023301	1032367	1039680
5	1008158	1014686	1016520	1020275	1028563
5	1007789	1014430	1016134	1021101	1028256
6	1007997	1014575	1016351	1021231	1028418	1031714
5	1007905	1014491	1016260	1019970	1028353
4	1007161	1013738	1019281	1027596
5	1012652	1020941	1026800	1032564	1055344
5	1012438	1020570	1026587	1032191	1054973
6	1012584	1020829	1023453	1026705	1032343	1055177
5	1012458	1020637	1026616	1032372	1055092
2	1019945	1031567
3	1010971	1015990	1021009
3	1010645	1015735	1020694
3	1010828	1015888	1020834
3	1010738	1015782	1020824
3	1009997	1015051	1020039
8	1015246	1016496	1025438	1030347	1041633	1047197	1064710	1095125
7	1014980	1018385	1030185	1041308	1046894	1064469	1095234
10	1015151	1018557	1021071	1025366	1030293	1041519	1047106	1064657	1065767	1095166
8	1015027	1018429	1020970	1030190	1041374	1046938	1064468	1095148
7	1014304	1017707	1020238	1024491	1029458	1040655	1046233
7	1014132	1019791	1022345	1024887	1029303	1042250	1044951
5	1013709	1019576	1022221	1032130	1041918
6	1013955	1019734	1022305	1028319	1032254	1042098
6	1013841	1019597	1022220	1024621	1042019	1044643
5	1013106	1021479	1023911	1025541	1031416
5	1010575	1016050	1019274	1030187	1032834
5	1010405	1015699	1019014	1029922	1032441
5	1010518	1015854	1019201	1030075	1032724
5	1010408	1015846	1019033	1029984	1032502
5	1009679	1015064	1018329	1029234	1031829
6	1007352	1015618	1019712	1022131	1029607	1101772
5	1007041	1015354	1019380	1029159	1101705
6	1007232	1015480	1019531	1021937	1029437	1101705
5	1007118	1015458	1019515	1029274	1101726
4	1006388	1018732	1021127	1029864
6	1004205	1010940	1011703	1016242	1029453	1030798
6	1004016	1010649	1011470	1015999	1029165	1030543
6	1004224	1010908	1011677	1016186	1029381	1030694
6	1003956	1010645	1011443	1015983	1029192	1030607
4	1003300	1009963	1028493	1029876
6	1010859	1021112	1028463	1029365	1034544	1038762
6	1010553	1020904	1028236	1029140	1033014	1037717
6	1010769	1021063	1028366	1029230	1034510	1038744
6	1010594	1020901	1028296	1029225	1033085	1037796
3	1020199	1027543	1032371
6	1011726	1012746	1023011	1028021	1047434	1048649
5	1011269	1012432	1022782	1027695	1047151
6	1011515	1012484	1022923	1027891	1047378	1048562
5	1011432	1012587	1022822	1027741	1047159
3	1010688	1022087	1046448
5	1010340	1014560	1018282	1022164	1037188
5	1010044	1014260	1018017	1024978	1036788
6	1010238	1014475	1018238	1019216	1025135	1037055
5	1010097	1014293	1018010	1021981	1036868
6	1009381	1013595	1017333	1021240	1024644	1036173
6	998669	1016499	1017312	1024594	1028071	1031538
5	998516	1016013	1016929	1024294	1031237
5	998614	1016248	1017159	1024459	1031447
5	998524	1016226	1017055	1024382	1027780
4	1015426	1023633	1027082	1030572
5	1010193	1011364	1018031	1040865	1064851
5	1009804	1011166	1017681	1040529	1064416
5	1010025	1011409	1017934	1040773	1064612
5	1009926	1011310	1017735	1040573	1064610
4	1009187	1010537	1017045	1039881
4	1012169	1013341	1018762	1035239
3	1011803	1018509	1034928
3	1012009	1018715	1035061
3	1011905	1018510	1035061
3	1011171	1017825	1034270
5	1018400	1026596	1028471	1035759	3772680
5	1018158	1026302	1028091	1035469	3772487
5	1018304	1026501	1028344	1035702	3772437
5	1018203	1026351	1028176	1035484	3772693
4	1017473	1025638	1027471	3771775
9	996352	1009591	1015476	1017448	1021306	1022843	1028425	1032902	1040070
7	996104	1009381	1015151	1017219	1021042	1028151	1039771
9	996335	1009480	1015264	1017398	1021145	1022658	1028237	1032741	1039996
7	996075	1009452	1015330	1017211	1021162	1028305	1039785
8	995414	1008669	1014503	1016523	1020350	1027479	1031893	1039672
6	1006073	1012940	1021805	1022954	1027333	3734271
6	1005763	1012592	1021595	1022650	1026964	3734516
6	1005948	1012833	1021670	1022797	1027226	3734368
6	1005838	1012649	1021686	1022740	1027027	3734380
3	1011952	1020882	1026341
8	988316	1006785	1007910	1010557	1016454	1022209	1035597	1046338
7	988375	1006458	1007599	1021906	1028266	1035243	1045942
8	988323	1006677	1007789	1010471	1016286	1022086	1035457	1046084
7	988310	1006520	1007631	1021997	1028348	1035330	1046153
8	1005808	1008678	1011586	1015480	1021248	1022882	1034606	1045330
7	1000380	1001540	1013908	1016156	1025827	1034388	1049238
9	1000149	1001204	1013590	1015879	1019375	1023744	1027027	1034102	1048989
9	1000326	1001497	1013801	1016080	1020199	1025250	1034287	1049236	1050357
9	1000153	1001196	1013647	1015905	1019433	1023777	1027008	1034127	1048944
7	999452	1012937	1016238	1018722	1023088	1024902	1048300
5	1005424	1011034	1015683	1022746	1035274
5	1005124	1010718	1015408	1018077	1035039
4	1005275	1010932	1015556	1035184
5	1005228	1010772	1015534	1022494	1035082
6	1004463	1010052	1014729	1017404	1021800	1034346
6	1005524	1009882	1017751	1027349	1030261	1043171
6	1005221	1009698	1018660	1027058	1033295	1042839
8	1005384	1009838	1017654	1018843	1027172	1030234	1032754	1042959
6	1005316	1009698	1017554	1027199	1030076	1043009
5	1008980	1010206	1016815	1026392	1029748
6	1020720	1022076	1028983	1036996	1045570	1059097
7	1020544	1021777	1028661	1031720	1036687	1045053	1058691
5	1020681	1021966	1036845	1045329	1058984
7	1020529	1021845	1028769	1031753	1036788	1045249	1058753
5	1019822	1021117	1031055	1044501	1058081
6	1005061	1013842	1016732	1020461	1026060	1033113
6	1004740	1013574	1016451	1020106	1025791	1032877
7	1004958	1013724	1016669	1020342	1025965	1028003	1033064
6	1004794	1013636	1016468	1020177	1025840	1032931
7	1004086	1013245	1015783	1019439	1025118	1027596	1032168
3	1006868	1029037	1032877
3	1006612	1028718	1032474
3	1006766	1028997	1032654
3	1006662	1028710	1032651
2	1028065	1031862
6	1016695	1021692	1026575	1027684	1032671	1046276
5	1016437	1021474	1026172	1029982	1046446
6	1016584	1021654	1026433	1027809	1032607	1046419
5	1016494	1021454	1026273	1030047	1046251
4	1015753	1025567	1029362	1031742
4	1010711	1018891	1028857	1032062
4	1010282	1011114	1018738	1028643
4	1010538	1018815	1028815	1031980
4	1010409	1011152	1018771	1028634
4	1009690	1018002	1027938	1031135
3	1011503	1012767	1035976
3	1011275	1012514	1035553
3	1011490	1012663	1035800
3	1011248	1012434	1035683
2	1010574	1034954
6	981309	1012237	1019746	1020803	1033551	1040193
9	981164	1011894	1019539	1020654	1024376	1027270	1033250	1039820	1041024
7	981283	1012091	1019731	1020745	1027454	1033436	1040097
9	981134	1011988	1019495	1022029	1024476	1027383	1033300	1039871	1041078
8	980425	1011254	1021327	1023729	1026635	1032583	1039193	1040386
4	1018742	1021454	1026278	1030782
4	1018441	1021103	1026010	1030352
4	1018602	1021312	1026209	1030622
4	1018533	1021187	1026028	1030479
2	1025336	1029742
6	1010518	1011531	1018546	1024474	1025954	1036506
5	1010321	1011204	1018211	1024152	1036296
6	1010513	1011382	1018421	1024326	1025665	1036382
5	1010283	1011331	1018292	1024242	1036372
3	1009610	1017566	1023490
7	994335	1005449	1006760	1017630	1023587	1025456	1036940
7	994023	1005054	1006507	1017201	1023215	1029210	1036567
8	994275	1005312	1006678	1017478	1018251	1023439	1029372	1036787
6	994035	1005142	1006531	1017314	1023315	1036661
6	993366	1004438	1005830	1022584	1028544	1030576
4	1004333	1010090	1010973	1018036
6	1003988	1009681	1010522	1012350	1017751	1022251
5	1004158	1009920	1010770	1017971	1022622
4	1004114	1009802	1010680	1017742
6	1003351	1009945	1012751	1018424	1022297	1024390
5	1012949	1026409	1031918	1041441	1046943
5	1012761	1026043	1031727	1041044	1046679
5	1012862	1026333	1031878	1041256	1046875
5	1012820	1026074	1031732	1041182	1046695
4	1025408	1031018	1040430	1045998
8	1011565	1019956	1021114	1028324	1044305	1068044	1069061	1091146
8	1011237	1019606	1027999	1031718	1044009	1067694	1069194	1091259
9	1011482	1019814	1021115	1028225	1044244	1067858	1068760	1091133	1092647
7	1011268	1019697	1028052	1044019	1067829	1069125	1091214
5	1010586	1018969	1027349	1043345	1067054
4	1009377	1023737	1027234	1051226
6	1009130	1023458	1026833	1027779	1031895	1050909
6	1009317	1023603	1027076	1030456	1034693	1051079
6	1009138	1023546	1026957	1027958	1033036	1050996
6	1008428	1022786	1026227	1032294	1033798	1050252
6	1013107	1015679	1017110	1021441	1033641	1041072
6	1012810	1015329	1020071	1033310	1040773	1043582
6	1012991	1015553	1017252	1021422	1033547	1041019
6	1012875	1015404	1020050	1033362	1040776	1043679
6	1012147	1014696	1016381	1019341	1040112	1042980
4	1009577	1017836	1024510	1025208
3	1009359	1017559	1024207
3	1009488	1017747	1024456
3	1009403	1017601	1024219
4	1008635	1016883	1023548	1026051
0
0
0
0
0
3	1014255	1015729	1030166
4	1013885	1015244	1017602	1029826
3	1014111	1015503	1030027
3	1013987	1015392	1029914
1	1029184
2	1019147	1019931
2	1018928	1019707
2	1019009	1019861
1	1019022
0
1	1024814
1	1024562
1	1024675
1	1024654
1	1023878
3	1012681	1025272	1026468
2	1012447	1024996
3	1012627	1025150	1026276
3	1012461	1025067	1026225
2	1011917	1024320
1	1021433
1	1021123
1	1021299
1	1021202
1	1020466
4	1017764	1018945	1047453	1048240
4	1017433	1026492	1047176	1047914
4	1017687	1018887	1047226	1047967
5	1017469	1023360	1026538	1047347	1048239
2	1016784	1026157
6	1012951	1015316	1029668	1030644	1037608	1069447
7	1012722	1014996	1017255	1029279	1030219	1037216	1069359
6	1012817	1015188	1017444	1029531	1037457	1069228
6	1012816	1015081	1029369	1030377	1037326	1069535
4	1012026	1014339	1028660	1036604
11	977008	1015265	1017359	1022089	1034425	1037957	1046267	1054733	1055818	1082193	1083039
10	977038	1015031	1017312	1021803	1034119	1037732	1045828	1054354	1082232	1083286
10	976969	1015252	1016391	1021951	1034310	1037913	1046123	1054584	1082387	1083329
10	977025	1015007	1017232	1021897	1034185	1037723	1045928	1054451	1081981	1082836
7	1014339	1016539	1022091	1033462	1037027	1045235	1081393
5	1011678	1013623	1017818	1025794	1086625
5	1011352	1013434	1015960	1025341	1086449
4	1011556	1013557	1025637	1086520
5	1011424	1013435	1015968	1025464	1086509
4	1010704	1012710	1015280	1085729
6	1012195	1016305	1017639	1020886	1026243	1030314
5	1011775	1016139	1018924	1022868	1030052
5	1012032	1016282	1020892	1026126	1030297
5	1011960	1016120	1018940	1022873	1030030
5	1011227	1015389	1022126	1025268	1030516
4	1017698	1020326	1028211	1050690
5	1017321	1019938	1021605	1027100	1050359
5	1017490	1020203	1021366	1027312	1050579
5	1017426	1020005	1027135	1027981	1050422
4	1016692	1019316	1027222	1049716
9	992138	1006105	1010240	1014513	1020842	1022127	1028366	1079019	1080173
7	992220	1005759	1009786	1014167	1020590	1023646	1078704
9	992237	1005963	1009994	1014347	1020757	1023816	1028140	1078987	1080078
6	992068	1005847	1009975	1014294	1020623	1078690
6	1005122	1009192	1013535	1021625	1024509	1078049
7	1010061	1012194	1017021	1023531	1025420	1029953	1057344
7	1009636	1011859	1016769	1018430	1023180	1029648	1057145
7	1009875	1012011	1016932	1023422	1025424	1029821	1057314
7	1009771	1012004	1016815	1018549	1023250	1029727	1057122
6	1009035	1011780	1016094	1022543	1030810	1056431
4	1002988	1005723	1013370	1023940
4	1002718	1005470	1013199	1023727
4	1002880	1005626	1013360	1023909
4	1002774	1005515	1013176	1023713
4	1002036	1004783	1012777	1023017
6	1003682	1008604	1016541	1024181	1026242	1032249
6	1003339	1008323	1016217	1023863	1031934	1033411
6	1003544	1008486	1016390	1024056	1026086	1032074
5	1003430	1008377	1016320	1023936	1028438
5	1002701	1015569	1023209	1025259	1031283
5	1006703	1013709	1017537	1030646	1038035
5	1006285	1013483	1017258	1030379	1037758
5	1006531	1013574	1017346	1030596	1037919
5	1006403	1013579	1017405	1030372	1037828
3	1012785	1016586	1029700
3	1012321	1029806	1037506
3	1012097	1029509	1037056
3	1012232	1029707	1037300
3	1012144	1029559	1037210
2	1028846	1036470
1	1035446
1	1035055
1	1035289
1	1035165
0
4	1015221	1018482	1025198	1026133
4	1014909	1018135	1024637	1029592
4	1015075	1018374	1024981	1029782
3	1015004	1024807	1025955
3	1014252	1024110	1028980
6	1008064	1009160	1012207	1023472	1030836	1040800
5	1007663	1008804	1023248	1030501	1040710
6	1007932	1009138	1023406	1024425	1030804	1040645
5	1007748	1009204	1023271	1030482	1040816
4	1007053	1010037	1029857	1039965
4	1024032	1025867	1031290	1036367
4	1023733	1025452	1031018	1036009
4	1023914	1025713	1031205	1036252
4	1023799	1025577	1031053	1036071
4	1023071	1024855	1030343	1035376
7	1004726	1014651	1018896	1021607	1023078	1030369	1034272
5	1004388	1014375	1018603	1021481	1029992
6	1004637	1014476	1021547	1022968	1030178	1034067
5	1004439	1014509	1018604	1021476	1030137
6	1003735	1013706	1020727	1023240	1029371	1033257
5	1013884	1016514	1021726	1030784	1041282
6	1013506	1016144	1018699	1030471	1040850	1042271
5	1013752	1016387	1021589	1030647	1041025
5	1013585	1016235	1018750	1030556	1041058
7	1012898	1015521	1018056	1020740	1029820	1040249	1041590
6	1005170	1015899	1016869	1023332	1029392	1043361
7	1004842	1015676	1016608	1022992	1024240	1029099	1043097
6	1005003	1015866	1016763	1023188	1029290	1043212
7	1004963	1015663	1016676	1023101	1024514	1029155	1043204
5	1004196	1014974	1023622	1028439	1042418
6	1011984	1025632	1028177	1030533	1047962	1058678
7	1011701	1021459	1025312	1027891	1034688	1047559	1058280
6	1011914	1025506	1028089	1030352	1047854	1058491
6	1011725	1021477	1025384	1027933	1047622	1058419
5	1011032	1024655	1027227	1029502	1046950
3	1011265	1014058	1020191
3	1011085	1013783	1019876
3	1011222	1013987	1020096
3	1011080	1013804	1019925
5	1010363	1013088	1020528	1022814	1025085
6	1010404	1011563	1020313	1034439	1040500	1054326
7	1010072	1011188	1019904	1022315	1034151	1040161	1053928
6	1010261	1011420	1020097	1034304	1040361	1054107
7	1010162	1011271	1020085	1022474	1034238	1040243	1054100
7	1009427	1011731	1019296	1021688	1033485	1039512	1053319
3	1008334	1018574	1030714
3	1007962	1018485	1030757
3	1008175	1018545	1030797
3	1008070	1018466	1030621
1	1017719
5	1012096	1015745	1021301	1022520	1031150
5	1011676	1015354	1016090	1020954	1030760
4	1011900	1015601	1021131	1030941
4	1011829	1015437	1021075	1030934
5	1011076	1014735	1020320	1021497	1030132
5	1016923	1020670	1026433	1042855	1044040
5	1016628	1020457	1026169	1042531	1044011
5	1016842	1020517	1026328	1042742	1043998
5	1016665	1020572	1026225	1042591	1043973
3	1019753	1025492	1041882
6	1011085	1011937	1025038	1026294	1035056	1041199
5	1010642	1011375	1024800	1034722	1040854
6	1010938	1024964	1026412	1034895	1035906	1041117
5	1010739	1024825	1026351	1034828	1040888
3	1010051	1024108	1034066
6	1000775	1011359	1012675	1018573	1038344	1043436
8	1000706	1011106	1012457	1018344	1021401	1026998	1038008	1043024
8	1000700	1011201	1012595	1018607	1021634	1038299	1043304	1044454
6	1000738	1011223	1012496	1018270	1037992	1043099
3	1010422	1017647	1020789
2	1008208	1029816
2	1007843	1030085
2	1008050	1029864
2	1007949	1029989
2	1007208	1029139
6	1010229	1014601	1019933	1023695	1028588	1032866
5	1009924	1014345	1019660	1027020	1032611
5	1010126	1014494	1019813	1023551	1032810
5	1009980	1014400	1019733	1027170	1032611
5	1013668	1018982	1021613	1022759	1031927
3	1022031	1029251	1030433
3	1021648	1028933	1032778
3	1021941	1029162	1030369
3	1021694	1028980	1032843
3	1021022	1028278	1032141
10	986311	1006300	1014360	1017819	1027250	1028490	1036879	1038106	1057906	7316729
9	986111	1006118	1014062	1017501	1026978	1036586	1039641	1057455	7317897
10	986260	1006245	1014266	1017716	1027133	1028471	1036793	1038057	1057701	7317346
8	986118	1006124	1014109	1017566	1027043	1036634	1057598	7317215
7	985401	1016828	1026308	1027874	1035906	1038139	7316498
6	1008870	1021263	1023792	1027143	1045540	4720606
6	1008556	1020994	1023436	1025635	1045173	4719600
5	1008776	1021179	1023617	1045469	4719843
6	1008605	1021022	1023566	1025714	1045195	4720335
4	1007899	1022803	1024962	1044546
5	977377	1008211	1009600	1017247	1032714
5	977454	1007849	1008623	1016880	1032450
4	977503	1008125	1009504	1032701
5	977276	1007939	1009426	1016957	1032415
3	1007217	1008724	1031765
8	973337	975319	1016255	1020272	1042662	1047712	1052756	3778440
10	973266	974560	1015867	1016645	1019863	1029422	1042314	1047399	1052333	3778764
9	973136	975073	1016104	1020129	1029433	1042510	1047612	1052614	3778604
9	973429	975335	1015962	1019956	1028322	1042424	1047453	1052436	3778552
5	1019260	1021720	1023457	1029065	3777789
4	1019383	1026096	1030791	1035505
4	1018967	1025711	1030384	1035371
4	1019280	1025934	1030618	1035529
4	1019026	1025820	1030504	1035317
4	1018363	1025089	1029775	1034639
4	1015309	1016397	1021769	1030902
5	1015122	1016109	1019867	1030566	1032931
4	1015282	1016357	1021709	1030838
5	1015101	1016105	1019889	1030583	1032892
4	1014403	1019204	1020879	1029918
5	1012069	1018651	1022778	1036583	1037540
5	1011644	1018357	1022506	1036118	1037252
5	1011896	1018568	1022677	1036335	1037306
5	1011775	1018390	1022566	1036308	1037564
2	1017694	1021828
5	1001699	1013792	1014872	1020286	1024673
5	1001466	1013397	1014637	1017100	1031463
5	1001615	1013605	1014805	1020162	1024573
5	1001516	1013536	1014650	1017177	1031576
4	1012784	1013946	1020827	1028801
3	997060	1005793	1032555
3	996883	1005517	1032510
3	997038	1005404	1032663
3	996858	1005871	1032352
3	996161	1004844	1031716
1	1019403
2	1019097	1026229
2	1019300	1026464
1	1019151
0
1	1010860
1	1010568
1	1010788
1	1010593
1	1009902
2	1013719	1014968
1	1013473
2	1013642	1014976
2	1013500	1014880
1	1012785
4	1016425	1029773	1037722	1063681
4	1016095	1029618	1037400	1063243
4	1016212	1029676	1037578	1063355
4	1016266	1029673	1037489	1063524
2	1015448	1036748
2	1021169	1022853
3	1020985	1022524	1025617
2	1021135	1022775
3	1020974	1022578	1025706
2	1020265	1024953
7	998879	1007125	1014868	1017318	1021155	1029074	1047652
7	998626	1006775	1014551	1016962	1019743	1028691	1047352
6	998770	1007038	1014761	1017115	1028851	1047597
7	998683	1006816	1014612	1017118	1019773	1028872	1047357
8	997937	1006137	1013896	1016322	1019050	1020110	1028074	1046685
5	1002811	1007239	1012152	1016748	1021606
4	1002404	1006929	1011886	1027737
5	1002650	1007148	1012124	1016639	1021520
4	1002520	1006967	1011861	1027821
6	1001799	1006274	1011204	1015803	1017376	1020655
6	1002761	1010243	1011504	1020905	1027120	1057142
6	1002319	1009938	1011188	1020620	1026742	1056693
6	1002558	1010129	1011422	1020703	1026912	1056938
7	1002481	1009999	1011318	1012881	1020788	1026930	1056847
4	1001733	1009276	1026099	1056102
6	999879	1001005	1010625	1028946	1031299	1034873
6	999686	1010379	1012450	1028600	1029453	1034585
6	999859	1001026	1010503	1028823	1029605	1034793
7	999667	1000813	1010459	1012536	1028677	1029406	1031072
3	1009693	1028236	1030321
3	1003970	1005142	1011345
3	1003605	1005482	1010978
3	1003737	1005082	1011164
3	1003798	1004974	1011132
1	1002978
2	1040113	3785963
2	1039733	3786121
2	1039981	3785932
2	1039877	3786106
1	1039075
4	1010231	1015745	1019030	1038750
4	1009913	1015513	1018731	1038836
4	1010131	1015680	1018957	1038772
4	1009974	1015529	1018759	1038763
4	1009261	1014824	1018074	1037986
5	1001700	1024366	1025541	1033239	1041754
4	1001435	1024052	1032937	1041416
4	1001630	1024239	1033119	1041579
4	1001461	1024130	1033003	1041539
3	1023396	1032274	1040773
4	1009102	1011943	1015198	1053633
5	1008863	1011635	1013484	1017493	1053287
5	1008993	1011771	1013624	1017603	1053467
3	1008927	1011758	1053414
3	1008172	1012821	1014300
1	1009955
1	1009652
1	1009851
1	1009739
1	1008970
7	1007381	1014213	1015143	1029176	1030974	1057673	1059433
7	1006995	1013817	1014695	1020363	1028738	1057255	1059091
8	1007212	1014065	1014852	1015917	1028973	1030867	1057453	1059303
7	1007116	1013910	1014758	1028889	1030592	1057431	1059185
7	1006374	1013200	1015693	1028145	1029912	1056651	1058456
8	1005127	1009544	1016084	1020736	1026370	1029735	1035008	1040563
6	1004833	1009186	1015859	1017660	1029392	1040276
7	1005007	1009435	1015967	1022905	1029646	1033262	1040421
7	1004903	1009250	1015933	1020510	1026261	1029429	1040366
8	1008561	1015166	1016994	1021365	1025445	1028757	1032370	1039610
7	1001661	1002432	1013040	1015419	1019893	1023941	1033213
6	1001314	1002130	1012733	1016591	1021616	1032854
7	1001465	1002270	1012921	1015294	1019814	1023881	1033159
6	1001466	1002282	1012814	1016535	1021642	1032855
3	1000674	1015845	1019006
5	1008460	1011411	1019522	1024635	1033671
8	1008092	1011275	1012665	1019219	1024316	1027572	1033181	1035097
8	1008266	1011380	1012772	1019417	1024527	1027733	1033462	1035314
5	1008245	1011282	1019272	1024373	1033335
6	1007468	1010540	1018560	1026938	1032609	1034490
4	988039	1016873	1028074	1029442
5	987842	1016675	1027866	1029333	1032044
4	987810	1016760	1028034	1029318
5	988031	1016746	1027855	1029307	1032131
3	987122	1015964	1027158
4	1014358	1016499	1028154	1042783
6	1013967	1014716	1019922	1022909	1027840	1042413
5	1014232	1016393	1023063	1028100	1042654
5	1014056	1014819	1019990	1027842	1042492
5	1013352	1015559	1019266	1027189	1041788
6	1017933	1021752	1027181	1035340	1038246	1053117
5	1017626	1021406	1026917	1035022	1052689
7	961051	1017652	1021609	1027053	1035235	1038160	1052956
5	1017872	1021492	1026972	1035070	1052793
7	1016965	1020728	1026233	1029006	1034367	1037347	1052085
5	1009954	1017694	1019113	1023715	1033351
4	1009784	1017240	1018891	1026268
6	1009860	1017491	1019152	1023631	1027573	1033276
4	1009833	1017379	1020188	1029577
5	1009057	1016649	1022793	1025682	1028824
3	1017028	1031181	1032131
4	1016737	1030822	1031562	1035407
3	1016947	1031020	1035615
3	1016772	1030939	1031916
3	1016072	1030186	1034760
4	1011774	1013085	1022134	1025831
3	1011522	1021804	1025363
3	1011730	1021987	1025607
4	1011536	1012984	1021899	1025530
3	1010827	1021160	1024787
2	999373	1021910
2	999008	1021609
2	999197	1021794
2	999140	1021667
1	1020944
1	1028897
1	1028656
1	1028889
1	1028610
0
6	1008028	1009702	1016317	1022266	1038848	1041348
6	1007803	1009331	1015989	1021993	1038953	1041075
6	1007904	1009624	1016191	1022095	1038813	1041212
6	1007880	1009358	1016079	1022116	1038878	1041157
5	1008706	1015356	1021315	1038414	1040398
3	1013304	1017409	1082194
5	1012906	1017160	1018646	1022876	1082347
5	1013192	1017361	1018601	1023074	1082127
3	1012968	1017164	1082369
4	1012293	1016464	1017980	1022194
7	993727	1012127	1013244	1018714	1025749	1028806	1047623
8	993504	1011847	1012925	1018469	1021716	1025486	1029768	1047556
7	993687	1012042	1013083	1018692	1025601	1028655	1047536
8	993498	1011883	1013015	1018439	1021798	1025583	1029865	1047599
6	1011175	1017764	1021078	1024809	1027817	1046780
7	1004857	1013157	1018989	1020803	1025453	1033021	1039255
7	1004508	1012645	1018701	1020491	1025108	1032661	1038947
6	1004708	1012908	1018837	1020668	1025351	1032923
8	1004608	1012852	1018786	1020620	1025160	1032812	1035281	1039068
7	1003871	1012089	1018025	1024471	1032051	1034547	1038291
8	978797	1012478	1015381	1018295	1021935	1031133	1046024	1049277
7	978450	1012228	1015099	1024715	1030946	1045640	1049023
7	978683	1012373	1015295	1021844	1031108	1045812	1048951
7	978519	1012280	1015135	1024709	1030922	1045809	1049311
7	977811	1011541	1014989	1020985	1024025	1030233	1045019
8	1013767	1016618	1017948	1024243	1027055	1034084	1062317	3754911
7	1013573	1016346	1020181	1024034	1033750	1061950	3754840
8	1013712	1016528	1018026	1024145	1026912	1033983	1062204	3754766
7	1013587	1016386	1020249	1024075	1033800	1062021	3754954
7	1015669	1017186	1019910	1026094	1033102	1061323	3754036
8	996166	1006030	1014196	1015423	1020677	1024913	1032693	1049788
7	995778	1005659	1013896	1019955	1021719	1032351	1049562
8	995995	1005837	1014067	1020361	1021835	1024763	1032541	1049714
7	995907	1005798	1013975	1020212	1021738	1032453	1049583
7	995159	1005027	1013233	1019502	1023932	1031706	1048863
4	1012474	1014896	1021423	1027662
4	1012234	1014694	1021172	1026181
3	1012417	1014883	1021310
4	1012254	1014643	1021277	1026246
4	1011526	1013970	1020415	1025528
4	1003659	1009384	1010611	1018295
4	1003333	1009083	1011987	1018017
4	1003535	1009142	1012117	1018208
4	1003408	1009298	1012082	1018045
3	1002682	1008426	1011296
2	1030331	1031514
2	1029995	1034404
3	1030186	1031482	1034638
2	1030102	1031408
1	1033820
5	996819	1013109	1017964	1032850	1041523
5	996261	1012744	1017713	1032524	1041173
5	996427	1012949	1017912	1032692	1041422
5	996607	1012856	1017712	1032632	1041234
3	995729	1012108	1017027
3	1015815	1021129	1022502
3	1015612	1020805	1022275
3	1015748	1020954	1022437
3	1015637	1020951	1022296
1	1020161
6	1002591	1007973	1009407	1014995	1022602	1054644
6	1002325	1007743	1009033	1014617	1022382	1054452
6	1002544	1007918	1009254	1014882	1022537	1054610
6	1002325	1007742	1009152	1010537	1022391	1054434
7	1001646	1007045	1008428	1013980	1021672	1023076	1053734
5	1013915	1018265	1023143	1029476	1033668
3	1013557	1017860	1029192
5	1013828	1018120	1023024	1029347	1033491
3	1013601	1017960	1029275
3	1012927	1028522	1032628
2	1035469	1074328
2	1035235	1074183
2	1035373	1074396
2	1035282	1074068
1	1034546
6	1021730	1024867	1025822	1033802	1039766	1047952
5	1021461	1024621	1033422	1039490	1047577
6	1021635	1024768	1025790	1033642	1039698	1047799
5	1021502	1024675	1033543	1039504	1047684
4	1023933	1032802	1038815	1046954
1	1031197
1	1030993
1	1031189
1	1030951
1	1030285
6	1017824	1018832	1021927	1026420	1034417	1035674
4	1017585	1018580	1024699	1034028
5	1017758	1018760	1021899	1034268	1035649
4	1017596	1018601	1024737	1034140
4	1017898	1021043	1024023	1034778
3	995863	1017196	1039201
3	995593	1016861	1038840
4	995834	996990	1017131	1039092
3	995574	1016891	1038901
2	994917	1038209
5	1015814	1018414	1025514	1029190	1031557
4	1015418	1018120	1025232	1028885
5	1015673	1018383	1025426	1029105	1031413
4	1015522	1018089	1025275	1028926
1	1030587
5	1027909	1032532	1033502	1038205	1045383
4	1027616	1032193	1037848	1045068
5	1027831	1032395	1033313	1038124	1045292
3	1027652	1032273	1045099
3	1026952	1031554	1037218
2	1023466	1024193
2	1023321	1026860
2	1023531	1027127
2	1023208	1026841
2	1022585	1026188
3	1008507	1009485	1015258
3	1008147	1009147	1012057
3	1008397	1009313	1012086
2	1008211	1009273
2	1007515	1008781
6	1010608	1028945	1030361	1035940	1067357	1068551
7	1010250	1028654	1030064	1035664	1038779	1042538	1067103
6	1010526	1028860	1030232	1035843	1067320	1068476
7	1010291	1028675	1030131	1035714	1038851	1042668	1067086
3	1009622	1035428	1038113
9	997623	998826	1012814	1014092	1016710	1021087	1026687	1047745	1051776
7	997359	1012597	1014041	1020761	1026428	1047448	1051573
7	997509	1012748	1014183	1016584	1026621	1047691	1051659
7	997420	1012613	1014124	1020802	1026449	1047456	1051652
5	1011894	1015712	1020107	1025752	1046786
6	1008054	1011391	1016197	1026085	1031967	1036976
7	1007715	1011184	1015947	1025743	1031741	1036693	1039574
7	1007924	1011334	1016136	1022319	1025951	1031907	1039826
7	1007793	1011192	1015974	1022121	1025821	1031738	1033189
7	1007071	1010478	1015261	1017135	1025098	1031038	1038923
1	1049591
1	1049477
1	1049396
1	1049624
0
4	1009369	1011081	1016540	1026111
6	1009034	1010783	1016257	1017615	1025910	1026658
5	1009304	1011019	1016421	1020697	1026106
6	1009046	1010814	1016324	1017658	1025870	1026663
2	1015587	1018493
4	990464	1012335	1015272	1020416
4	989984	1012102	1014966	1015728
3	990276	1012199	1015133
4	990124	1012200	1015049	1020183
2	989414	1014308
2	929580	1019945
2	929427	1019753
2	929611	1019918
2	929341	1019749
0
5	1005126	1010690	1016289	1020376	1032853
5	1004804	1010443	1016005	1018937	1032558
5	1004943	1010579	1016236	1019067	1032768
5	1004950	1010509	1016002	1020129	1032599
4	1015337	1018270	1022160	1031895
3	1014279	1019320	1023750
3	1014101	1018955	1023619
3	1014261	1019145	1023710
3	1014066	1019085	1023571
2	1018324	1022855
8	1007083	1007794	1013814	1029823	1041555	1042442	1043588	1054629
7	1006785	1007580	1013462	1029381	1041246	1042073	1054196
8	1006990	1007733	1013642	1029653	1041481	1042290	1044399	1054449
7	1006828	1007586	1013602	1029504	1041263	1042178	1054336
4	1006117	1014265	1028792	1041458
2	1028809	1029922
1	1028452
1	1028629
1	1028596
0
4	1002153	1021796	1024582	1029328
4	1001962	1021541	1024074	1028943
5	1002072	1021747	1024357	1029161	1032439
4	1001996	1021554	1024250	1029057
4	1001246	1020818	1023509	1028956
0
0
0
0
0
07/19/2017 13:39:14	07/19/2017 13:45:03
