8	1013790	1015778	1019194	1024025	1029063	1035062	1040067	1041333
5	1013800	1015768	1028960	1035018	1040110
8	1013820	1015679	1019100	1024015	1028956	1032830	1040052	1041279
5	1013717	1015827	1029030	1035065	1040070
8	1012971	1014962	1018399	1023211	1025045	1028176	1039269	1040491
4	1026445	1027775	1032978	1036705
3	1026517	1027809	1032936
4	1026422	1027854	1032899	1036650
3	1026509	1027707	1032988
4	1025672	1028232	1032139	1035892
6	996624	1013997	1021041	1022466	1028492	1032026
6	996533	1014101	1021037	1022307	1028447	1029572
5	996590	1014014	1020980	1028435	1031926
6	996517	1014036	1021052	1022498	1028464	1029625
5	995767	1013232	1020222	1027664	1031199
1	1026275
1	1026325
1	1026203
1	1026350
1	1025489
6	995848	997197	1012595	1013344	1018149	1033164
7	995677	997088	1012582	1013362	1018002	1020534	1033191
7	995707	997163	1012520	1013301	1018051	1022069	1033107
5	995782	1012606	1013365	1020479	1033200
4	994943	1011780	1019685	1032342
7	1004734	1005901	1010053	1016441	1024384	1035917	1038377
6	1004696	1005779	1016246	1024353	1035885	1038466
7	1004719	1005789	1009982	1016304	1024310	1035836	1038431
6	1004663	1005863	1016348	1024375	1035918	1038383
6	1005040	1009241	1015536	1023552	1035091	1037606
5	1022086	1022819	1027975	1030740	1052083
4	1022138	1022881	1028188	1052061
5	1022038	1022783	1028069	1030694	1052000
4	1022134	1022873	1028042	1052082
3	1022036	1027264	1029942
5	995524	1007788	1013030	1017073	1030524
5	995577	1007815	1012990	1017043	1030555
5	995516	1007700	1012937	1016987	1030507
5	995534	1007859	1013040	1017091	1030513
4	1006995	1012186	1016244	1029720
1	1012951
1	1012897
1	1012842
1	1012961
1	1012110
2	1018089	1021012
2	1018253	1020947
2	1018112	1020870
2	1018184	1021055
2	1017358	1020170
6	1009608	1011254	1016713	1029184	1033945	1042462
6	1009663	1011186	1016796	1029072	1033905	1042379
6	1009528	1011108	1016719	1029078	1033847	1042357
5	1009693	1011310	1029140	1033949	1042431
5	1008817	1010416	1015944	1028316	1033116
7	977860	979040	1008705	1010359	1017564	1029396	1033303
8	977921	979078	1008673	1010288	1015379	1019504	1029399	1033299
7	977712	978815	1008650	1010275	1017463	1029320	1033257
8	978020	979180	1008682	1010332	1015397	1019351	1029421	1033300
8	1009517	1011702	1014544	1017304	1020817	1028584	1032489	1034217
6	1010516	1011886	1015830	1021312	1035369	1063095
6	1010536	1011879	1021218	1027684	1035440	1063146
6	1010458	1011878	1015745	1021249	1035304	1063074
6	1010547	1011838	1021239	1027666	1035456	1063114
7	1011515	1014992	1022631	1026875	1034589	1036061	1062303
5	1011466	1012650	1015874	1025949	1033733
5	1011400	1012722	1018724	1025942	1033444
5	1011395	1012656	1015811	1025851	1033434
5	1011428	1012667	1018671	1025975	1033704
4	1011880	1015044	1017884	1032778
7	1011816	1020046	1026521	1028131	1038720	1047499	1067525
7	1011844	1020053	1026609	1028153	1038686	1047698	1067431
7	1011750	1020000	1026550	1028136	1038610	1047530	1067450
7	1011855	1020039	1026523	1028121	1038753	1047613	1067460
6	1011017	1025754	1027338	1037892	1046783	1066668
6	998092	1005016	1007388	1019087	1021430	1026007
7	997947	1005102	1007450	1008647	1019263	1022191	1028811
6	997981	1005016	1007315	1019142	1021274	1025951
7	998010	1005052	1007477	1008584	1019159	1022223	1028750
5	997208	1004245	1007870	1020648	1028001
6	1015314	1017631	1019724	1026298	1041398	1044249
6	1015404	1017625	1022242	1026326	1041454	1044428
6	1015330	1017609	1019656	1026223	1041389	1044168
6	1015338	1017597	1022294	1026349	1041416	1044458
5	1014546	1016812	1018892	1026452	1043531
1	1035011
1	1034898
1	1034951
1	1034911
1	1034140
4	1009608	1010970	1022561	1034832
4	1009558	1010796	1022598	1034796
4	1009481	1010332	1022542	1034739
4	1009646	1010551	1022565	1034843
2	1008776	1034005
0
0
0
0
0
3	1015407	1019384	1038706
3	1015494	1016624	1038732
3	1015358	1019320	1038645
3	1015499	1019295	1038750
3	1014636	1018519	1037895
5	1012754	1017074	1018454	1022034	3170707
3	1012699	1016978	3170720
5	1012646	1016999	1018272	1021913	3170650
4	1012758	1017011	1018454	3170728
2	1016215	1021154
2	1010037	1026482
2	1010077	1026417
2	1009958	1026419
2	1010108	1026436
1	1025637
6	1011076	1015958	1018073	1037177	1041926	1044621
6	1011214	1015997	1019358	1037170	1041874	1044675
7	1011100	1015882	1017948	1019339	1037099	1041867	1044568
6	1011136	1016024	1018098	1037196	1041890	1044676
5	1010322	1015162	1017235	1041088	1043830
0
0
0
0
0
6	1008508	1015234	1016761	1022741	1026237	1038762
5	1008558	1015265	1016692	1024233	1038719
6	1008507	1015232	1016688	1022706	1026187	1038695
5	1008507	1015213	1016714	1024179	1038738
6	1007716	1016286	1017670	1021908	1026270	1037924
5	1017866	1024023	1029970	1031011	1040668
4	1018042	1024088	1029941	1040591
5	1017907	1023901	1029931	1031003	1040574
4	1017949	1024159	1029945	1040643
3	1017137	1023244	1039819
5	1014740	1019996	1020911	1024621	1031820
5	1014827	1020132	1021120	1026559	1031798
5	1014769	1019966	1020958	1024556	1031718
5	1014743	1020109	1021154	1026512	1031850
4	1013970	1019244	1025689	1030995
4	1002588	1013372	1020950	1036943
4	1002506	1013433	1020851	1036942
4	1002432	1013284	1020857	1036868
4	1002619	1013469	1020910	1036970
3	1001736	1020072	1036123
6	1004796	1015917	1018700	1024470	1031058	1035139
5	1004699	1015908	1018717	1023559	1031010
5	1004699	1015876	1018611	1030923	1035146
5	1004752	1015905	1018754	1023623	1031098
4	1003937	1017873	1022764	1030223
5	1011675	1018240	1019491	1021432	1026870
5	1011636	1018185	1019697	1024060	1026876
4	1011545	1018109	1019688	1026837
5	1011723	1018272	1019778	1024036	1026868
4	1010847	1017405	1020624	1023232
4	1006647	1008658	1015911	1020121
4	1006668	1008592	1015985	1018184
4	1006586	1008550	1015923	1018113
4	1006680	1008648	1016010	1020115
2	1005847	1015142
4	1016552	1018152	1023104	1035236
4	1016688	1018232	1023118	1035177
4	1016581	1018133	1023082	1035202
4	1016619	1018175	1023088	1035157
5	1017350	1022294	1025802	1027024	1034394
6	999381	1011853	1013858	1023042	1031270	1050537
6	999222	1011703	1013744	1023116	1031140	1050621
6	999296	1011686	1013713	1023001	1031157	1050578
6	999262	1011833	1013854	1023105	1031209	1050515
4	998487	1010971	1022266	1030387
6	1004429	1011206	1025593	1028031	1030975	1074606
5	1004608	1011256	1025696	1028049	1074636
6	1004399	1011189	1025619	1027921	1031022	1074568
5	1004580	1011212	1025637	1028108	1074621
3	1010407	1030233	1073805
10	976062	1010420	1011399	1018876	1024403	1030117	1032941	1038123	1082361	1083227
9	976248	1010474	1011356	1018900	1022238	1030144	1038088	1082632	1083440
10	976041	1010391	1011333	1018766	1024286	1030043	1032725	1038078	1082351	1083186
9	976220	1010450	1011367	1018967	1025412	1030161	1038084	1082598	1083505
7	975340	1009631	1018077	1023593	1025103	1029303	1081679
7	989755	991219	1013418	1021406	1024130	1034815	1039069
6	989754	1013569	1021508	1024361	1034858	1039051
6	989623	1013446	1021435	1024190	1034790	1038992
6	989843	1013493	1021424	1024228	1034838	1039077
4	988940	1012678	1034025	1038244
3	1019334	1020094	1031348
3	1019406	1023029	1031416
3	1019318	1020073	1031330
3	1019373	1022994	1031384
3	1018561	1022193	1030571
6	1016185	1017300	1026463	1033716	1039890	1051250
6	1016129	1017259	1026507	1033717	1039898	1051236
6	1016057	1017205	1026383	1033670	1039857	1051151
6	1016206	1017307	1026532	1033708	1039880	1051276
4	1016473	1025670	1032901	1039079
2	1003725	1027222
2	1003984	1027155
2	1003811	1027166
2	1003850	1027164
0
4	1015695	1018803	1023552	1031317
4	1015653	1018718	1023589	1031323
4	1015616	1018693	1023501	1031289
4	1015681	1018789	1023581	1031294
3	1014860	1017946	1022757
1	993434
1	993323
1	993307
1	993410
1	992565
8	1000942	1002371	1013462	1018237	1021922	1025824	1032754	1048717
8	1000931	1002414	1013335	1018167	1021956	1025896	1032784	1048647
8	1000817	1002055	1013352	1018169	1021886	1025816	1032714	1048597
6	1001006	1002403	1013410	1025868	1032775	1048718
5	1001585	1012586	1017391	1031957	1047869
5	1007354	1015819	1017365	1022263	1034616
4	1007377	1015791	1018295	1034539
5	1007257	1015777	1017302	1022156	1034503
5	1007423	1015798	1017304	1018328	1034605
3	1006551	1017520	1033763
8	1011303	1016728	1018215	1023494	1026534	1034042	1039991	1044570
7	1011208	1016795	1018136	1023472	1026486	1034182	1040038
8	1011200	1016707	1018132	1023418	1026470	1034083	1040032	1044583
7	1011266	1016772	1018190	1023492	1026507	1034092	1039956
4	1015950	1017376	1033288	1039203
4	1010690	1023318	1031014	1034267
4	1010643	1023284	1031062	1034335
4	1010604	1023243	1030995	1034228
4	1010678	1023313	1031025	1034323
3	1009854	1022488	1033488
3	1004333	1025416	1036881
3	1004199	1025350	1036978
3	1004229	1025279	1036871
3	1004264	1025445	1036936
3	1003453	1024569	1036114
4	1021858	1023046	1029015	1030066
4	1021867	1022996	1029108	1034285
4	1021716	1022977	1029001	1034204
3	1021954	1023006	1030190
3	1022217	1028235	1033415
3	1015689	1027755	1039425
4	1015722	1027754	1039480	1040570
3	1015677	1039413	1040800
3	1015675	1039440	1040608
2	1014891	1038632
6	1007411	1008695	1014089	1021345	1025277	1033606
6	1007325	1008424	1014140	1021445	1025255	1030122
6	1007265	1008375	1014019	1021278	1025212	1033529
4	1007425	1008526	1021445	1025276
5	1006551	1013306	1024454	1028011	1032780
3	1016324	1017035	1023548
2	1016342	1023455
2	1016309	1023407
2	1016310	1023553
3	1015513	1016868	1022695
5	1011261	1012138	1015242	1025114	1033439
6	1011276	1012046	1019595	1022272	1026977	1033450
5	1011197	1012054	1015173	1024979	1033506
6	1011287	1012098	1019735	1022270	1027018	1033548
4	1014417	1021391	1024273	1032744
4	1012232	1016784	1027795	1029591
4	1012308	1016876	1027672	1029550
4	1012260	1016766	1027678	1029524
4	1012226	1016826	1027752	1029551
1	1011451
4	1018617	1021124	1025921	1043977
4	1018640	1021029	1025878	1044062
5	1018599	1021041	1025881	1027399	1043997
4	1018602	1025851	1026629	1043990
3	1017815	1025765	1043204
4	1010906	1012679	1019550	1027256
4	1010691	1012699	1019570	1027265
4	1010787	1012697	1019514	1027206
4	1010766	1012626	1019558	1027262
5	1009987	1011857	1018748	1020253	1026443
6	1004903	1010740	1013007	1021235	1028379	1031676
7	1004916	1010704	1013081	1015888	1021142	1024961	1030321
6	1004833	1010677	1012984	1021154	1028345	1031665
7	1004936	1010723	1013061	1015908	1021198	1024932	1030270
7	1009913	1012229	1016435	1021381	1024089	1027551	1029446
6	1011717	1013114	1016773	1026527	1029661	1048013
5	1011815	1013182	1018673	1022922	1047970
6	1011671	1013075	1016742	1026480	1029650	1047927
5	1011809	1013178	1018640	1022911	1048010
5	1012356	1015975	1018871	1025699	1047178
5	1013526	1015966	1018483	1022208	1031276
5	1013500	1015991	1020794	1025037	1031255
6	1013391	1015886	1018536	1020753	1024819	1031214
4	1013592	1016024	1021648	1031273
4	1012703	1017703	1020841	1031363
7	1007686	1018623	1021000	1025755	1028514	1032803	1042551
6	1007669	1018643	1021218	1025803	1029153	1042641
7	1007589	1018464	1021116	1025693	1028374	1032688	1042574
6	1007731	1018743	1021274	1025804	1029163	1042568
6	1017813	1020411	1024955	1027657	1032001	1041783
3	1018025	1022003	1026437
3	1018037	1022034	1026494
3	1017922	1021873	1026345
3	1018091	1022110	1026537
0
5	1000986	1002292	1011278	1015057	1027274
5	1000924	1002134	1011087	1012737	1027264
5	1000879	1002278	1011094	1014934	1027178
4	1000987	1011235	1012776	1027318
3	1011962	1014213	1026455
0
0
0
0
0
3	1008721	1014323	1023831
3	1008583	1014270	1023831
3	1008566	1014206	1023778
3	1008695	1014340	1023835
2	1013486	1023023
3	1022298	1048486	1063928
3	1022294	1048352	1064119
3	1022189	1048346	1063935
3	1022360	1048446	1064062
0
2	1010946	1038717
3	1011023	1012821	1038754
3	1010914	1012788	1038687
3	1011005	1012782	1038732
2	1010173	1037923
3	1007843	1009573	1016595
3	1007742	1009667	1016570
3	1007778	1009562	1016584
3	1007766	1009624	1016542
3	1006981	1008806	1015741
2	1014944	1019055
2	1014952	1019082
2	1014874	1018970
2	1014978	1019114
1	1018255
0
0
0
0
0
7	1020159	1021689	1025086	1030626	1040349	1055722	1057145
6	1020257	1025047	1030632	1040352	1055709	1056905
7	1020133	1021535	1024984	1030593	1040257	1055655	1057054
6	1020232	1025100	1030618	1040396	1055722	1057328
2	1024257	1039537
0
0
0
0
0
5	1003665	1012939	1015045	1020145	1035252
5	1003698	1012884	1014994	1020130	1035144
5	1003638	1012853	1014950	1020070	1035144
6	1003673	1012929	1015045	1020157	1023590	1035208
5	1002871	1012101	1014203	1019323	1034389
5	1012955	1015449	1017029	1022163	1041418
4	1012886	1015407	1020388	1041592
4	1012870	1015354	1022064	1041431
3	1012920	1015447	1041531
3	1012108	1014570	1017274
5	1012209	1014986	1017944	1020679	1029085
4	1012216	1014890	1023257	1028996
4	1012155	1014875	1017827	1028959
4	1012221	1014956	1023137	1029077
4	1011398	1014123	1017096	1028230
6	1010917	1014444	1015833	1019700	1055904	1066323
6	1010972	1014465	1019794	1023709	1056008	1066430
6	1010850	1014378	1015776	1019646	1055903	1066240
6	1010980	1014466	1019773	1023814	1055960	1066463
3	1015328	1022950	1065561
6	1002548	1006511	1011042	1034989	1039400	1077980
9	1002574	1006557	1011168	1014188	1020177	1022525	1034910	1039343	1078031
7	1002541	1006527	1011012	1016430	1034905	1039314	1077946
9	1002522	1006471	1011140	1014282	1020223	1022476	1034949	1039384	1078013
7	1001744	1010255	1013413	1015965	1019351	1038560	1077197
4	1009622	1015209	1017751	1025538
5	1009604	1015325	1017683	1022081	1025515
5	1009585	1015179	1017655	1018446	1025447
5	1009592	1015306	1017735	1022097	1025557
3	1008816	1016906	1024708
7	1012533	1013698	1022321	1023715	1030506	1032874	1038007
6	1012457	1013750	1022215	1025650	1030542	1037965
6	1012468	1013623	1022212	1025605	1030495	1037948
5	1012473	1013731	1022283	1030494	1037989
6	1011680	1013718	1021460	1023622	1029702	1037816
3	1019060	1022792	1028788
3	1019092	1022807	1029009
3	1019031	1022694	1028885
3	1019076	1028863	1031138
2	1018259	1028087
4	1010073	1010987	1024629	1039534
4	1009991	1010918	1024590	1039491
4	1009924	1010898	1024522	1039421
4	1010081	1010966	1024642	1039555
4	1010154	1012962	1023796	1038698
3	1020591	1040671	1042191
3	1020532	1040690	1042210
3	1020504	1040613	1042135
3	1020582	1040695	1042201
1	1039868
5	1011406	1012970	1017131	1027319	1039723
5	1011514	1012906	1019613	1027400	1039434
5	1011338	1012861	1017115	1027291	1039504
5	1011529	1012977	1019670	1027383	1039613
6	1010641	1012129	1016327	1020101	1026551	1038767
4	1011621	1014086	1025273	1033160
6	1011603	1014043	1019686	1025314	1026677	1033135
4	1011653	1013997	1025252	1033101
6	1011519	1014079	1019719	1025683	1026590	1033153
4	1014118	1018898	1024939	1032338
6	1002860	1014080	1016548	1021317	1023378	1029373
6	1002981	1014017	1016497	1021305	1026054	1029326
6	1002918	1013988	1016450	1021263	1023289	1029297
6	1002874	1014066	1016541	1021310	1025975	1029369
5	1015711	1020501	1022511	1025231	1028534
2	1002277	1035389
2	1002165	1035366
2	1002223	1035366
2	1002172	1035338
2	1001405	1034567
6	1007229	1013579	1017829	1021565	1026591	1043678
5	1007225	1013753	1017828	1026568	1043623
6	1007143	1013615	1017745	1021425	1026553	1043621
5	1007264	1013668	1017861	1026554	1043636
4	1012850	1016978	1025768	1042839
5	1019110	1021739	1027120	1027755	1032241
5	1019103	1021707	1027127	1032186	1036293
4	1019078	1020441	1027076	1027693
5	1019079	1021779	1027117	1032241	1036270
3	1018623	1026911	1031400
4	1014309	1021831	1025179	1034028
4	1014366	1021849	1025186	1034119
4	1014252	1021765	1025104	1034021
4	1014372	1021871	1025218	1034073
2	1026717	1033263
8	1002141	1014115	1020453	1021391	1025852	1027983	1034351	1038581
7	1002146	1014179	1020498	1021464	1025826	1034522	1038572
8	1002138	1014041	1020390	1021368	1025801	1027949	1034345	1038523
7	1002102	1014203	1020516	1021434	1025844	1034472	1038572
6	1001333	1019659	1025034	1027205	1033624	1037757
7	1012139	1013510	1017278	1021123	1031689	1035440	1048362
6	1012041	1013311	1021141	1022995	1031670	1048331
6	1012024	1017328	1021063	1031630	1035386	1048284
6	1012110	1017253	1021142	1023030	1031696	1048358
6	1011276	1016508	1020758	1022183	1034596	1047528
10	1000654	1005377	1006216	1012776	1013793	1019460	1023347	1030628	1034509	1038984
9	1000496	1006029	1012725	1019424	1023359	1025189	1030597	1034465	1039010
10	1000488	1005111	1006055	1012659	1013758	1019340	1023215	1030566	1034382	1038911
9	1000623	1005265	1012803	1019496	1023449	1024751	1030613	1034567	1039028
6	1012957	1018633	1022545	1024391	1029796	1038185
6	1008465	1009749	1014251	1019579	1025694	1033722
5	1008414	1009728	1019533	1025603	1033576
6	1008398	1009581	1014212	1019462	1025597	1033590
5	1008433	1009813	1019585	1025654	1033668
4	1007623	1010105	1013383	1024831
1	1022794
1	1022822
1	1022767
1	1022795
1	1021995
6	1011376	1012938	1016693	1020598	1024862	1054059
4	1011504	1013154	1020579	1054057
6	1011455	1012866	1016651	1020529	1024671	1054029
4	1011473	1012906	1020621	1054037
6	1010606	1015903	1019763	1021421	1022688	1053243
2	1009400	1016463
2	1009229	1016463
2	1009289	1016417
2	1009299	1016454
2	1008506	1015649
4	1021967	1025423	1030535	1048543
4	1021985	1025403	1030588	1048464
4	1021918	1025365	1030482	1048544
3	1021987	1025408	1048410
3	1021162	1024603	1047691
4	1018937	1024272	1026017	1031324
4	1019057	1024187	1026032	1031385
4	1018953	1024251	1025974	1031293
4	1018991	1024157	1026034	1031367
4	1018183	1023421	1025213	1030546
3	1018783	1020355	1023725
3	1018858	1023818	1024915
3	1018743	1023707	1024779
3	1018844	1023789	1024935
1	1022958
4	1011485	1012834	1017832	1025905
4	1011541	1012939	1017829	1025944
4	1011380	1012894	1017790	1025872
4	1011595	1012841	1020018	1025930
3	1010700	1017011	1025113
4	1005486	1023956	1024884	1049618
4	1005390	1023778	1025075	1049818
4	1005378	1023693	1024822	1049623
4	1005453	1024059	1024971	1049771
2	1004624	1023234
4	1017072	1020804	1022824	1035160
3	1017174	1020868	1035168
4	1017063	1020781	1022772	1035106
3	1017136	1020840	1035181
3	1016307	1021987	1034355
0
0
0
0
0
6	999850	1001437	1010266	1015736	1021316	1022744
5	999951	1001515	1010283	1015692	1021304
6	999800	1001373	1010170	1015649	1021217	1022370
5	999946	1001549	1010318	1015747	1021372
4	1010503	1014901	1020485	1022787
3	1019424	1024656	2090835
3	1019436	1024575	2090938
3	1019361	1024561	2090739
3	1019451	1024629	2090984
2	1018609	1023803
5	1003065	1004633	1008681	1013602	1016475
4	1003102	1004545	1020680	1023300
5	1003066	1004497	1008687	1013600	1016624
4	1003046	1004622	1020661	1023247
4	1002267	1013339	1019823	1022499
5	1015149	1021623	1022432	1023744	1033681
4	1015274	1021678	1031988	1036502
5	1015159	1021544	1022321	1023688	1033593
4	1015218	1021707	1032130	1036523
5	1020841	1022109	1027162	1031274	1035676
6	1011478	1014180	1016885	1022244	1025417	1032238
5	1011395	1014302	1022197	1028200	1032367
6	1011409	1014152	1016844	1022159	1025392	1032290
5	1011425	1014239	1022233	1028243	1032262
5	1016129	1021407	1024617	1027383	1031487
4	1016834	1018640	1026096	1035980
4	1016880	1018669	1026151	1035989
5	1016758	1018501	1020700	1026078	1035890
4	1016914	1018731	1026131	1036028
4	1016048	1020287	1025308	1035169
4	1016578	1027729	1041862	1045005
4	1016546	1027701	1041779	1044929
4	1016508	1027629	1041770	1044910
4	1016570	1027757	1041829	1044985
4	1015749	1026902	1041008	1044154
5	1011370	1016338	1017066	1020143	1029017
7	1011382	1016215	1017094	1022074	1026325	1033232	1036430
5	1011291	1016227	1016998	1020049	1028911
7	1011409	1016286	1017127	1022027	1026373	1033273	1036514
6	1015463	1019228	1022269	1024914	1032423	1036749
5	1019809	1020919	1024322	1034660	1052819
5	1019738	1020905	1027131	1034588	1052808
5	1019720	1020788	1024186	1034526	1052721
5	1019781	1020978	1027136	1034677	1052852
5	1018963	1022076	1026367	1033816	1051996
5	1020120	1023796	1024685	1032020	1039521
4	1020067	1023711	1032033	1039464
4	1020040	1023697	1031948	1039396
4	1020095	1023763	1032046	1039554
4	1019963	1023884	1031211	1038674
2	1016497	1017944
2	1016400	1017855
2	1016389	1017842
2	1016468	1017930
1	1017106
5	996146	1005372	1007380	1027135	1036207
7	996093	1005357	1007365	1012106	1016134	1027112	1036067
6	996034	1005295	1007389	1009367	1027075	1036069
7	996156	1005386	1007301	1012131	1016156	1027125	1036163
5	1004552	1006566	1011283	1015274	1026312
3	1003506	1007201	1024266
3	1003640	1007289	1024314
3	1003545	1007200	1024227
3	1003558	1007240	1024305
2	1002758	1006429
3	1017906	1019465	1034481
3	1017978	1019495	1034536
3	1017881	1019442	1034496
3	1017953	1019429	1034466
3	1017131	1018658	1033691
2	1012824	1023238
2	1012857	1023298
2	1012784	1023196
2	1012847	1023294
1	1012030
1	1020990
1	1021023
1	1020975
1	1020987
0
3	1013052	1021869	1025007
4	1012902	1021790	1024874	1028994
3	1012868	1021741	1024955
4	1013047	1021876	1024972	1029021
3	1012169	1021023	1026530
5	1014024	1016081	1020867	1023062	1027319
5	1013905	1016183	1020888	1027470	1030254
5	1013966	1016010	1020792	1022977	1027320
5	1013907	1016214	1020876	1027416	1030311
2	1016279	1020758
6	1014417	1016439	1024043	1029484	1035460	1045330
7	1014366	1016394	1020113	1025158	1029512	1035542	1045380
6	1014361	1016358	1023959	1029412	1035384	1045288
7	1014371	1016534	1020154	1025149	1029555	1035564	1045368
7	1013577	1015649	1019341	1023203	1025403	1028685	1034683
3	1020565	1028087	1029426
3	1020553	1028149	1029332
3	1020492	1028088	1029298
3	1020581	1028106	1029404
1	1019738
7	1008086	1009784	1012063	1017316	1024505	1026955	1037398
7	1008072	1009810	1014216	1019218	1024403	1027937	1037336
7	1008010	1009692	1012092	1017215	1024379	1026913	1037332
7	1008097	1009851	1014263	1019238	1024493	1027976	1037357
4	1009280	1018393	1023618	1036539
7	1004176	1015353	1023181	1030105	1031389	1034363	1047067
7	1004045	1015447	1023027	1030154	1031336	1035487	1047119
8	1004064	1015333	1016786	1023066	1030032	1031368	1035548	1047031
6	1004119	1015412	1023096	1030176	1034268	1047103
5	1003303	1014587	1022293	1033533	1046279
4	1011198	1016945	1021101	1025147
4	1011466	1016944	1021004	1021865
4	1011263	1016876	1021003	1025088
4	1011353	1016953	1021056	1021873
4	1010520	1016129	1020232	1024312
6	1012815	1013621	1016950	1026243	1038243	1042538
6	1012803	1013599	1020974	1024684	1038322	1042747
7	1012747	1013501	1017114	1022799	1026166	1038218	1042679
6	1012827	1013728	1021002	1024652	1038294	1042558
7	1011997	1015233	1020129	1022035	1024623	1026773	1037463
6	1010891	1012215	1015693	1032163	1033372	1040509
5	1010882	1012128	1032063	1033381	1040614
6	1010799	1011897	1015620	1032047	1033341	1040525
5	1010925	1012027	1032132	1033334	1040536
5	1010065	1012463	1031297	1032558	1039736
6	996853	1007915	1011109	1016849	1027008	1038856
8	996876	1008068	1011135	1015583	1018921	1026823	1029650	1038888
7	996854	1007886	1011044	1015591	1016660	1026845	1038778
8	996830	1008038	1011152	1016875	1018901	1026939	1029656	1038913
6	996002	1007173	1010306	1015982	1018082	1028799
2	1033239	1037090
2	1033257	1037093
2	1033178	1037003
2	1033271	1037124
1	1032881
4	1018694	1019536	1022812	1044159
4	1018564	1019547	1031492	1044192
4	1018549	1019442	1022709	1044067
4	1018670	1019591	1031512	1044233
4	1021993	1023334	1025942	1043360
5	1019364	1022669	1026946	1028398	1044735
4	1019296	1022745	1026981	1044824
5	1019315	1022677	1026849	1028305	1044730
4	1019296	1022678	1027027	1044778
3	1018514	1021891	1043960
2	1012329	1022602
2	1012230	1022641
2	1012218	1022578
2	1012295	1022618
2	1011464	1021805
2	1018227	1020691
3	1018231	1020759	1025809
4	1018102	1020601	1021892	1025687
2	1018313	1020793
2	1017739	1021135
3	1020759	1024800	1025689
2	1020818	1024910
3	1020749	1024712	1025674
2	1020772	1024936
1	1019975
5	1013259	1020302	1028645	1039758	1042148
5	1013173	1020205	1028599	1039651	1042285
5	1013232	1020205	1028550	1039664	1042133
5	1013146	1020260	1028653	1039705	1042250
3	1019441	1027814	1038893
4	1015536	1023126	1026843	1030528
3	1015548	1023079	1026881
4	1015429	1023025	1026814	1030512
3	1015611	1023132	1026853
3	1022291	1026047	1029736
6	1016411	1022715	1024328	1029543	1036099	1058625
6	1016386	1022805	1024258	1029391	1036149	1058604
7	1016365	1022684	1024236	1026162	1029460	1036046	1058563
5	1016380	1022778	1024307	1036143	1058618
3	1015574	1023496	1057798
5	1017756	1018550	1026853	1031140	1037835
5	1017802	1018549	1026767	1031068	1037840
5	1017689	1018554	1026709	1031095	1037777
5	1017837	1020538	1026877	1031063	1037855
4	1016930	1019730	1026003	1030290
5	1012592	1015803	1021497	1033243	1036967
6	1012675	1015669	1019360	1024411	1028242	1033248
5	1012581	1015664	1021456	1033171	1036943
6	1012636	1015738	1019282	1024463	1028169	1033279
5	1011808	1014908	1017215	1023564	1036135
6	1012825	1018229	1023022	1026291	1047406	1065384
6	1012679	1018193	1022977	1028942	1047382	1065465
6	1012624	1018163	1022949	1026258	1047365	1065349
6	1012846	1018219	1023006	1028958	1047369	1065451
6	1011943	1017402	1022187	1025503	1046580	1064570
6	1000771	1002332	1021668	1023307	1030879	1036870
6	1000828	1001892	1021704	1023256	1028568	1037006
6	1000658	1001831	1021609	1023241	1030823	1036942
6	1000896	1001875	1021709	1023284	1028565	1036889
5	999977	1020872	1022485	1030035	1036130
6	1004916	1015144	1019080	1021582	1030127	1033391
6	1004919	1015026	1019055	1021533	1027207	1030100
6	1004837	1015042	1019018	1021486	1030036	1033343
5	1004942	1015093	1019072	1021580	1030139
4	1018256	1020746	1029304	1032567
5	1001691	1018248	1024369	1029869	1031506
4	1001668	1018201	1024345	1029846
5	1001598	1018211	1024246	1029740	1031394
5	1001724	1006547	1018194	1024424	1029931
3	1000852	1017398	1030702
3	1013776	1014841	1019522
4	1013664	1014887	1019610	1025150
3	1013677	1014601	1019649
4	1013722	1015085	1019693	1025179
4	1012910	1014056	1018727	1024393
2	1011865	1014692
2	1011912	1014631
2	1011849	1014610
2	1011872	1014670
2	1011042	1014527
7	1007537	1011809	1013060	1016625	1023376	1026881	1030340
5	1007520	1011827	1016651	1023364	1030314
5	1007553	1011759	1016610	1023339	1030276
7	1007454	1011838	1013010	1016614	1023352	1026877	1030326
6	1006714	1011013	1012200	1015825	1026057	1029512
6	1009303	1010830	1013012	1026369	1041932	1049687
5	1009310	1010873	1026440	1041883	1049756
6	1009266	1010769	1013036	1026359	1041851	1049607
5	1009282	1010886	1026434	1041918	1049778
3	1012254	1025566	1041094
4	1012757	1023144	1028231	1032112
4	1012802	1023198	1028263	1032055
4	1012657	1023076	1028219	1032019
4	1012845	1023217	1028232	1032102
3	1022357	1027446	1031271
5	1009356	1012717	1013858	1040115	1041674
5	1009467	1010674	1016180	1040034	1041564
5	1009302	1010722	1013765	1039989	1041514
5	1009463	1012700	1016119	1040114	1041830
3	1011886	1013029	1015367
3	991778	1011527	1023331
3	991783	1011605	1023324
3	991722	1011488	1023289
3	991794	1011594	1023316
3	990967	1010748	1022506
3	1026691	1028170	1043016
3	1026646	1028193	1043022
3	1026588	1028180	1042970
3	1026702	1028117	1043022
2	1025859	1042196
1	1015835
1	1015994
1	1015877
1	1015899
1	1015099
9	994838	1000617	1002314	1006562	1011681	1014168	1018228	1023815	1046629
9	994740	1000680	1002278	1006706	1011652	1019828	1023903	1029694	1046706
9	994709	1000556	1002263	1006576	1011594	1014178	1018126	1023817	1046469
9	994820	1000680	1002307	1006647	1011695	1019866	1023858	1029763	1046816
7	993978	999835	1005821	1010855	1018973	1023047	1025533
3	1019880	1022618	1028200
3	1019809	1022587	1028246
3	1019760	1022510	1028170
3	1019889	1022639	1028224
2	1019034	1021789
5	1006602	1008646	1011354	1016640	1026140
4	1006601	1008500	1013467	1021678
5	1006551	1008559	1011318	1016603	1026014
3	1006596	1008540	1013490
7	1005788	1007763	1010556	1012630	1015845	1018418	1025271
7	996360	1011266	1016674	1020476	1025560	1027587	1061606
7	996467	1011377	1016681	1020434	1025667	1030146	1061603
7	996297	1011260	1016627	1020394	1025573	1027574	1061562
7	996477	1011324	1012152	1020459	1025597	1030152	1061593
7	995600	1010500	1019638	1024796	1026792	1029341	1060789
6	1005214	1014750	1022405	1023881	1037378	1042910
8	1005309	1014847	1022245	1023912	1026565	1037415	1043003	1044127
6	1005226	1014712	1022296	1023822	1037268	1042889
7	1005245	1014836	1022304	1023946	1026620	1037482	1042976
5	1021504	1023098	1025796	1036553	1042140
4	1005672	1015292	1017732	1023998
5	1005657	1015171	1017750	1021501	1028401
4	1005615	1015202	1017625	1023913
5	1005666	1015228	1017805	1021481	1028367
4	1004850	1016928	1023193	1027528
4	1012852	1013909	1021033	1037048
4	1012881	1014013	1020978	1036882
4	1012797	1013905	1020874	1036920
4	1012882	1013976	1021096	1036972
4	1012050	1013350	1020196	1036157
6	1004425	1023437	1024914	1027395	1037328	1047827
6	1004508	1023402	1024911	1030717	1037295	1047827
7	1004455	1023336	1024844	1027274	1031853	1037231	1047760
6	1004425	1023452	1025222	1030725	1037345	1047839
6	1003655	1023040	1024399	1029870	1036498	1047006
4	1020846	1026019	1037456	1052832
4	1020717	1025955	1037501	1052885
4	1020717	1025943	1037379	1052755
4	1020807	1025993	1037526	1052909
4	1019967	1025184	1036662	1052046
5	1009653	1015399	1020058	1022112	1041532
4	1009735	1015470	1020021	1041569
5	1009651	1015297	1019994	1022201	1041469
4	1009687	1015527	1020026	1041581
4	1008863	1014614	1019219	1040738
3	1015921	1021982	1023041
3	1015944	1022001	1023004
3	1015852	1021974	1022908
3	1015956	1021959	1023088
1	1021179
4	1011697	1012742	1020901	1043150
3	1011620	1020943	1042871
4	1011604	1012695	1020857	1043007
4	1011663	1012743	1020934	1042972
3	1010847	1020106	1042199
3	1004353	1024647	1026474
3	1004357	1024607	1026444
3	1004359	1024588	1026412
3	1004296	1024619	1026453
3	1003537	1023815	1025645
1	1046208
1	1046147
1	1046093
1	1046221
1	1045364
3	1019142	1022756	1024273
3	1019249	1022781	1026804
3	1019119	1022770	1024140
3	1019224	1022731	1026828
2	1018349	1021955
2	1014134	1034124
2	1014259	1034117
2	1014099	1034049
2	1014241	1034140
0
4	1014936	1020681	1021395	1025765
4	1014900	1020713	1021415	1025773
4	1014936	1020634	1021370	1025735
3	1014853	1020709	1025761
3	1014094	1019882	1024944
3	1018452	1021238	1022915
2	1018513	1021191
3	1018415	1021166	1023054
2	1018501	1021206
2	1017678	1020401
2	1028375	1029791
1	1028286
2	1028276	1029770
1	1028336
1	1027519
7	1006566	1011787	1013129	1024973	1026748	1040356	1041160
7	1006496	1011670	1012979	1024954	1026788	1040277	1041124
7	1006430	1011670	1013062	1024828	1026760	1040285	1041141
7	1006589	1011745	1013615	1025052	1026723	1040311	1041101
4	1005723	1024153	1025952	1039501
3	1009804	1011151	1014958
2	1009948	1011162
3	1009809	1011083	1014955
2	1009894	1011199
2	1010365	1014184
4	1006916	1010800	1013682	1016892
3	1006974	1010830	1013653
4	1006922	1010739	1013582	1016854
3	1006920	1010847	1013702
4	1006134	1010002	1012860	1016076
6	1003798	1011181	1013025	1022443	1037708	1042546
8	1003794	1011338	1013318	1014329	1022473	1024376	1037658	1042522
6	1003794	1011222	1012999	1024390	1037585	1042475
8	1003748	1011251	1013332	1014370	1022461	1024366	1037729	1042545
7	1002980	1010450	1012531	1015657	1023587	1036871	1041721
9	1005839	1007170	1019396	1021073	1026181	1031296	1035517	1039464	1054782
8	1005541	1006509	1011398	1019398	1024072	1031373	1039492	1054888
10	1005624	1006425	1011471	1019339	1021034	1026138	1031245	1035466	1039464	1054828
7	1005712	1006484	1019405	1024108	1031357	1039448	1054786
8	1004879	1006316	1010648	1020256	1031341	1034711	1038663	1054020
7	1010387	1011524	1022533	1029898	1045030	1046444	1068129
7	1010314	1011540	1022569	1029960	1045071	1050113	1068111
8	1010357	1011432	1022469	1023842	1029889	1044946	1046377	1068095
7	1010298	1011579	1022581	1029922	1045108	1050046	1068090
4	1009539	1010721	1021738	1029120
5	1011165	1017145	1019800	1025525	1041331
6	1011271	1017345	1018283	1025561	1027278	1041432
6	1011134	1017176	1018231	1019740	1025479	1041281
7	1011250	1017272	1018305	1025550	1027296	1033201	1041426
5	1010408	1016434	1024731	1026480	1040571
10	1003474	1017366	1019961	1022998	1026245	1032767	1035053	1046899	1056142	1063261
8	1003490	1017341	1019924	1023066	1032827	1046926	1056126	1063310
10	1003491	1017304	1019900	1022959	1026111	1032719	1035018	1046784	1056013	1063194
8	1003421	1017354	1019945	1023066	1032828	1046993	1056190	1063315
5	1016541	1019133	1022223	1031987	1034237
5	1011242	1012000	1015078	1029721	1034641
5	1011237	1014963	1019462	1024047	1031414
4	1011195	1011945	1029658	1034647
5	1011230	1015065	1019498	1024108	1031427
6	1010421	1018656	1023290	1026594	1030574	1033864
5	1020576	1021859	1029403	1031601	1035992
4	1020544	1021919	1029407	1039770
4	1020487	1021818	1029326	1035932
4	1020586	1021935	1029455	1039791
3	1019729	1035185	1038934
7	991614	1005314	1015082	1016180	1019344	1024729	1028592
6	991547	1005332	1015169	1016131	1021517	1028595
7	991473	1005238	1015078	1016073	1019233	1024676	1028488
6	991638	1005359	1015121	1016186	1021552	1028651
5	1004506	1014310	1018481	1020743	1023865
2	1015270	1033797
2	1015261	1033706
2	1015235	1033668
2	1015247	1033788
2	1014450	1032939
5	1006920	1015376	1016457	1021330	1029274
6	1006922	1015418	1016547	1021300	1024358	1029262
5	1006877	1015308	1016442	1021263	1029251
6	1006913	1015430	1016509	1021318	1024371	1029239
4	1015693	1020513	1023557	1028457
4	1017215	1021178	1021883	1031457
3	1017318	1021221	1031358
3	1017248	1021114	1031398
3	1017237	1021234	1031375
0
5	1013809	1020366	1027205	1029318	1034216
5	1013793	1020356	1027222	1029412	1034124
5	1013729	1020192	1027132	1029311	1034062
5	1013822	1020479	1027248	1029358	1034232
4	1012988	1026403	1028545	1033366
1	1022280
1	1022339
1	1022308
1	1022258
1	1021497
5	1011740	1019143	1020554	1041376	1052418
5	1011707	1019116	1020514	1041404	1052597
5	1011661	1019009	1020521	1041307	1052334
5	1011740	1019209	1020523	1041423	1052627
2	1018323	1040574
1	1004613
1	1004690
1	1004638
1	1004610
1	1003836
5	1001737	1018063	1026269	1038555	1091429
6	1001817	1018049	1021058	1026251	1038508	1091462
5	1001705	1017984	1026180	1038408	1091353
6	1001796	1018097	1020987	1026285	1038609	1091481
4	1017228	1025447	1037718	1090633
5	1021203	1023833	1026395	1031857	1034894
4	1021229	1023710	1027411	1031767
5	1021101	1023708	1026351	1031743	1034800
4	1021281	1023811	1027432	1031844
5	1020399	1022951	1025576	1031001	1034075
5	1000854	1010591	1011517	1020068	1025715
5	1000977	1010621	1011592	1020067	1021721
5	1000808	1010496	1011506	1019988	1021645
5	1000970	1010667	1011567	1020102	1025782
4	1009794	1019261	1020956	1024965
7	998193	1006807	1013496	1017594	1023463	1025963	1034679
7	998200	1006727	1013391	1017438	1023404	1027818	1034716
7	998142	1006677	1013441	1017477	1023355	1025887	1034666
6	998194	1006818	1013400	1017555	1023456	1027755
9	997382	1005957	1012634	1016710	1018279	1022614	1025202	1028483	1033879
6	1015085	1015922	1018773	1027293	1033444	1037954
4	1015032	1015867	1027305	1037951
5	1014913	1015787	1018748	1027243	1037846
4	1015154	1016026	1027307	1038015
3	1017976	1026483	1037138
7	1005488	1007869	1010110	1014651	1019421	1023406	1028089
3	1005391	1007891	1014673
7	1005387	1007810	1010125	1014682	1019396	1023322	1028029
3	1005452	1007880	1014582
4	1004631	1013845	1021325	1022582
5	1008379	1012422	1014013	1019153	1023977
4	1008396	1012480	1019151	1023895
5	1008320	1012381	1013947	1019068	1023851
4	1008406	1012469	1019181	1023971
4	1011640	1013193	1018313	1023122
4	1005719	1011757	1019354	1035954
4	1005810	1011824	1019310	1036019
4	1005740	1011711	1019265	1035915
4	1005742	1011820	1019361	1036007
3	1004946	1018528	1035170
6	1015841	1018667	1024350	1029552	1034420	1044779
6	1015976	1018632	1024325	1029640	1032701	1044832
6	1015833	1018571	1024249	1029583	1034316	1044694
6	1015935	1018665	1024377	1029553	1032676	1044869
4	1015092	1028757	1031837	1033595
5	1014101	1022063	1024053	1029957	1034995
6	1014171	1022066	1024076	1026368	1029987	1034964
5	1014081	1021964	1024000	1029877	1034940
6	1014139	1022112	1024075	1026389	1030005	1034977
6	1013324	1021249	1023246	1025609	1029151	1034164
5	1012065	1016128	1027421	1029061	1041622
5	1012117	1016222	1027387	1029075	1041651
5	1012032	1016080	1027282	1029007	1041616
4	1016213	1027484	1029075	1041599
3	1015361	1028263	1040821
1	1015044
1	1015093
1	1015025
1	1015064
1	1014255
5	962979	1017836	1020557	1029066	1031591
4	962851	1017839	1020557	1029114
5	962876	1017798	1020496	1028970	1031510
4	962916	1017824	1020565	1029148
4	962096	1017024	1019737	1030787
3	1010651	1014613	1020824
3	1010512	1014568	1020863
3	1010475	1014505	1020778
3	1010644	1014626	1020866
3	1009772	1013778	1020031
4	1021677	1025926	1027017	1040927
3	1021691	1025929	1040841
4	1021594	1025822	1026914	1040871
3	1021725	1025965	1040852
1	1040072
3	1018164	1018991	1022298
2	1018091	1018969
3	1018065	1018928	1022267
2	1018148	1018995
2	1017312	1021506
5	1019511	1020856	1030727	1041316	1045666
5	1019413	1020726	1030745	1041327	1045577
5	1019384	1020786	1030729	1041278	1045554
5	1019499	1020659	1030693	1041316	1045647
3	1018645	1040508	1044808
7	1000666	1005170	1009734	1012630	1021524	1034090	1034921
6	1000585	1005159	1009777	1014424	1018871	1034058
6	1000584	1005128	1009697	1014417	1018814	1033991
8	1000624	1005162	1009761	1012684	1015699	1021540	1034110	1034923
7	999812	1008939	1011856	1013623	1018027	1020716	1033262
3	1018534	1019882	1035136
3	1018700	1020025	1035247
3	1018564	1019898	1035132
3	1018621	1019970	1035194
2	1017802	1019147
6	1010871	1013187	1017501	1019794	1025337	1041622
6	1010880	1013351	1017463	1023231	1026584	1041665
6	1010815	1013192	1017310	1019747	1025312	1041593
6	1010887	1013294	1017578	1023231	1026597	1041644
6	1010061	1012457	1016615	1024550	1025769	1040819
8	1003212	1009049	1019872	1020727	1027392	1038464	1047006	1052164
8	1003186	1009045	1019809	1020740	1027264	1038426	1046913	1052203
8	1003138	1008985	1019753	1020653	1027282	1038338	1046901	1052035
8	1003209	1009055	1019887	1020766	1027337	1038506	1046973	1052290
6	1002385	1019032	1026520	1028720	1037634	1046150
7	955255	1005857	1009542	1010773	1019058	1041930	3756370
6	955134	1005890	1009523	1019021	1042004	3756360
7	955108	1005741	1009478	1010654	1018994	1041884	3756361
6	955225	1005948	1009532	1019035	1041994	3756316
3	1009970	1018223	3755556
0
0
0
0
0
07/19/2017 13:03:58	07/19/2017 13:09:48
